1685152575.507427, 	 -0.975708, 	 1.765625, 	 -0.043579, 	 700
1685152575.519629, 	 -0.975586, 	 1.768677, 	 -0.048706, 	 700
1685152575.531919, 	 -0.972290, 	 1.766479, 	 -0.049927, 	 701
1685152575.544257, 	 -0.973877, 	 1.769653, 	 -0.049194, 	 699
1685152575.556489, 	 -0.974243, 	 1.765747, 	 -0.050537, 	 700
1685152575.568775, 	 -0.976929, 	 1.764526, 	 -0.052979, 	 699
1685152575.581076, 	 -0.972534, 	 1.769775, 	 -0.052490, 	 701
1685152575.593357, 	 -0.975342, 	 1.766357, 	 -0.053345, 	 701
1685152575.605647, 	 -0.973999, 	 1.767456, 	 -0.055054, 	 700
1685152575.617933, 	 -0.976685, 	 1.766479, 	 -0.055420, 	 701
1685152575.630262, 	 -0.976074, 	 1.769775, 	 -0.054321, 	 700
1685152575.642516, 	 -0.974487, 	 1.765259, 	 -0.053467, 	 700
1685152575.654807, 	 -0.975952, 	 1.763916, 	 -0.057129, 	 700
1685152575.667095, 	 -0.973389, 	 1.771118, 	 -0.056763, 	 701
1685152575.679413, 	 -0.975098, 	 1.762207, 	 -0.056519, 	 700
1685152575.691677, 	 -0.973999, 	 1.765503, 	 -0.058105, 	 700
1685152575.703968, 	 -0.971558, 	 1.769531, 	 -0.058472, 	 701
1685152575.716272, 	 -0.973511, 	 1.766113, 	 -0.057861, 	 700
1685152575.728545, 	 -0.975708, 	 1.766968, 	 -0.058716, 	 700
1685152575.740837, 	 -0.977417, 	 1.765869, 	 -0.058960, 	 700
1685152575.753116, 	 -0.976685, 	 1.769653, 	 -0.055542, 	 700
1685152575.765400, 	 -0.977539, 	 1.763916, 	 -0.058838, 	 700
1685152575.777698, 	 -0.972290, 	 1.765503, 	 -0.060059, 	 700
1685152575.789990, 	 -0.974121, 	 1.767822, 	 -0.059448, 	 701
1685152575.802285, 	 -0.976562, 	 1.766968, 	 -0.060669, 	 701
1685152575.814553, 	 -0.973999, 	 1.765747, 	 -0.059082, 	 700
1685152575.826847, 	 -0.974365, 	 1.764648, 	 -0.060791, 	 700
1685152575.839148, 	 -0.972412, 	 1.769165, 	 -0.061401, 	 700
1685152575.851454, 	 -0.976929, 	 1.765015, 	 -0.061401, 	 701
1685152575.863726, 	 -0.972290, 	 1.766357, 	 -0.061279, 	 700
1685152575.876028, 	 -0.975830, 	 1.767456, 	 -0.063110, 	 700
1685152575.888293, 	 -0.973755, 	 1.768188, 	 -0.062500, 	 700
1685152575.900590, 	 -0.975708, 	 1.768677, 	 -0.062866, 	 700
1685152575.912900, 	 -0.975830, 	 1.764526, 	 -0.062134, 	 699
1685152575.925177, 	 -0.973755, 	 1.769775, 	 -0.060547, 	 701
1685152575.937457, 	 -0.977051, 	 1.763550, 	 -0.061646, 	 701
1685152575.949745, 	 -0.974487, 	 1.769043, 	 -0.061523, 	 702
1685152575.962037, 	 -0.972290, 	 1.766479, 	 -0.061279, 	 701
1685152575.974321, 	 -0.974365, 	 1.766479, 	 -0.062256, 	 700
1685152575.986613, 	 -0.974121, 	 1.766724, 	 -0.060669, 	 700
1685152575.998899, 	 -0.974731, 	 1.764404, 	 -0.063232, 	 700
1685152576.011197, 	 -0.973267, 	 1.773071, 	 -0.062500, 	 700
1685152576.023501, 	 -0.978027, 	 1.764526, 	 -0.063232, 	 700
1685152576.035778, 	 -0.973633, 	 1.769653, 	 -0.062500, 	 700
1685152576.048068, 	 -0.972412, 	 1.770020, 	 -0.062500, 	 699
1685152576.060344, 	 -0.974487, 	 1.766235, 	 -0.062744, 	 701
1685152576.072638, 	 -0.975586, 	 1.768555, 	 -0.062866, 	 701
1685152576.084929, 	 -0.974487, 	 1.767700, 	 -0.064331, 	 701
1685152576.097219, 	 -0.974121, 	 1.770630, 	 -0.064209, 	 700
1685152576.109510, 	 -0.973389, 	 1.764404, 	 -0.063965, 	 701
1685152576.121808, 	 -0.972290, 	 1.770630, 	 -0.093506, 	 700
1685152576.134086, 	 -0.974365, 	 1.766602, 	 -0.061768, 	 699
1685152576.146374, 	 -0.976929, 	 1.765259, 	 -0.062378, 	 700
1685152576.158656, 	 -0.976074, 	 1.765991, 	 -0.064453, 	 700
1685152576.170954, 	 -0.974854, 	 1.764648, 	 -0.063965, 	 701
1685152576.183248, 	 -0.974487, 	 1.771973, 	 -0.065552, 	 700
1685152576.195541, 	 -0.976562, 	 1.763428, 	 -0.063110, 	 702
1685152576.207823, 	 -0.974731, 	 1.769287, 	 -0.064575, 	 700
1685152576.220116, 	 -0.974854, 	 1.766602, 	 -0.063232, 	 700
1685152576.232398, 	 -0.976562, 	 1.764893, 	 -0.063599, 	 701
1685152576.244700, 	 -0.973633, 	 1.767334, 	 -0.063477, 	 699
1685152576.256979, 	 -0.974976, 	 1.765381, 	 -0.064209, 	 701
1685152576.269269, 	 -0.974365, 	 1.771118, 	 -0.064941, 	 701
1685152576.281559, 	 -0.976074, 	 1.767090, 	 -0.063965, 	 700
1685152576.293849, 	 -0.971313, 	 1.770264, 	 -0.062744, 	 699
1685152576.306140, 	 -0.975586, 	 1.769897, 	 -0.064819, 	 701
1685152576.318426, 	 -0.978027, 	 1.765259, 	 -0.065552, 	 700
1685152576.330710, 	 -0.974121, 	 1.768555, 	 -0.063843, 	 701
1685152576.343008, 	 -0.975830, 	 1.763794, 	 -0.066040, 	 700
1685152576.355372, 	 -0.973511, 	 1.766235, 	 -0.062378, 	 700
1685152576.367591, 	 -0.975098, 	 1.766113, 	 -0.064697, 	 700
1685152576.379915, 	 -0.973999, 	 1.770752, 	 -0.065186, 	 701
1685152576.392164, 	 -0.973267, 	 1.769165, 	 -0.063354, 	 700
1685152576.404451, 	 -0.976074, 	 1.765259, 	 -0.065186, 	 700
1685152576.416740, 	 -0.975464, 	 1.765869, 	 -0.063721, 	 700
1685152576.429044, 	 -0.976074, 	 1.764282, 	 -0.062744, 	 701
1685152576.441368, 	 -0.974731, 	 1.771606, 	 -0.064331, 	 702
1685152576.453602, 	 -0.975830, 	 1.763306, 	 -0.064087, 	 701
1685152576.465900, 	 -0.972412, 	 1.770264, 	 -0.062988, 	 700
1685152576.478191, 	 -0.973877, 	 1.770264, 	 -0.064941, 	 700
1685152576.490486, 	 -0.974854, 	 1.765747, 	 -0.064453, 	 701
1685152576.502774, 	 -0.975220, 	 1.767944, 	 -0.064819, 	 700
1685152576.515061, 	 -0.975220, 	 1.765869, 	 -0.065186, 	 700
1685152576.527399, 	 -0.973389, 	 1.766479, 	 -0.064941, 	 700
1685152576.539631, 	 -0.975952, 	 1.764160, 	 -0.065063, 	 700
1685152576.551924, 	 -0.972778, 	 1.767822, 	 -0.064575, 	 700
1685152576.564204, 	 -0.973389, 	 1.768188, 	 -0.063721, 	 701
1685152576.576510, 	 -0.975708, 	 1.764771, 	 -0.064331, 	 700
1685152576.588794, 	 -0.976562, 	 1.769165, 	 -0.065186, 	 702
1685152576.601086, 	 -0.974976, 	 1.766968, 	 -0.066406, 	 701
1685152576.613387, 	 -0.973877, 	 1.767822, 	 -0.062988, 	 701
1685152576.625656, 	 -0.976318, 	 1.765991, 	 -0.063965, 	 700
1685152576.637956, 	 -0.973999, 	 1.768311, 	 -0.063477, 	 700
1685152576.650256, 	 -0.972656, 	 1.768066, 	 -0.064819, 	 700
1685152576.662520, 	 -0.975464, 	 1.766113, 	 -0.065186, 	 701
1685152576.674824, 	 -0.972778, 	 1.769653, 	 -0.064087, 	 700
1685152576.687112, 	 -0.973999, 	 1.766602, 	 -0.065430, 	 701
1685152576.699422, 	 -0.973389, 	 1.766968, 	 -0.066895, 	 700
1685152576.711682, 	 -0.974976, 	 1.767212, 	 -0.066528, 	 701
1685152576.723977, 	 -0.973633, 	 1.769409, 	 -0.064453, 	 700
1685152576.736270, 	 -0.974121, 	 1.768433, 	 -0.065796, 	 701
1685152576.748557, 	 -0.976074, 	 1.767212, 	 -0.064453, 	 699
1685152576.760843, 	 -0.974487, 	 1.768066, 	 -0.066162, 	 700
1685152576.773136, 	 -0.973511, 	 1.765991, 	 -0.065430, 	 700
1685152576.785420, 	 -0.973389, 	 1.766724, 	 -0.064209, 	 700
1685152576.797706, 	 -0.974731, 	 1.762451, 	 -0.064697, 	 702
1685152576.810003, 	 -0.973022, 	 1.770020, 	 -0.065308, 	 700
1685152576.822294, 	 -0.974731, 	 1.770386, 	 -0.064209, 	 701
1685152576.834586, 	 -0.975342, 	 1.763794, 	 -0.064209, 	 700
1685152576.846866, 	 -0.974487, 	 1.768555, 	 -0.064087, 	 701
1685152576.859155, 	 -0.974609, 	 1.767944, 	 -0.066406, 	 700
1685152576.871461, 	 -0.976562, 	 1.766479, 	 -0.066040, 	 699
1685152576.883737, 	 -0.974365, 	 1.765991, 	 -0.065552, 	 701
1685152576.896039, 	 -0.974609, 	 1.766479, 	 -0.065674, 	 701
1685152576.908314, 	 -0.974854, 	 1.769287, 	 -0.067017, 	 699
1685152576.920606, 	 -0.975464, 	 1.764771, 	 -0.067017, 	 700
1685152576.932897, 	 -0.972290, 	 1.768799, 	 -0.065063, 	 702
1685152576.945185, 	 -0.975708, 	 1.768188, 	 -0.064941, 	 700
1685152576.957469, 	 -0.976074, 	 1.764893, 	 -0.066040, 	 700
1685152576.969758, 	 -0.974487, 	 1.765869, 	 -0.064453, 	 699
1685152576.982083, 	 -0.973877, 	 1.766724, 	 -0.065430, 	 699
1685152576.994347, 	 -0.973511, 	 1.769897, 	 -0.065186, 	 699
1685152577.006635, 	 -0.976440, 	 1.764893, 	 -0.066284, 	 701
1685152577.018929, 	 -0.975220, 	 1.769531, 	 -0.065552, 	 700
1685152577.031206, 	 -0.972534, 	 1.767212, 	 -0.064819, 	 700
1685152577.043524, 	 -0.976318, 	 1.765869, 	 -0.065063, 	 700
1685152577.055788, 	 -0.975098, 	 1.766846, 	 -0.063477, 	 700
1685152577.068078, 	 -0.972900, 	 1.767822, 	 -0.065308, 	 700
1685152577.080370, 	 -0.974487, 	 1.770996, 	 -0.064453, 	 700
1685152577.092662, 	 -0.975708, 	 1.764771, 	 -0.067261, 	 700
1685152577.104954, 	 -0.973267, 	 1.771606, 	 -0.067627, 	 701
1685152577.117268, 	 -0.975342, 	 1.770752, 	 -0.066040, 	 699
1685152577.129535, 	 -0.976562, 	 1.764771, 	 -0.064697, 	 699
1685152577.141817, 	 -0.975586, 	 1.766113, 	 -0.066040, 	 699
1685152577.154093, 	 -0.975586, 	 1.768677, 	 -0.067749, 	 700
1685152577.166459, 	 -0.973633, 	 1.769287, 	 -0.065796, 	 699
1685152577.178675, 	 -0.976318, 	 1.761841, 	 -0.066162, 	 700
1685152577.190961, 	 -0.972412, 	 1.770874, 	 -0.066650, 	 700
1685152577.203266, 	 -0.976562, 	 1.767578, 	 -0.065552, 	 701
1685152577.215547, 	 -0.974976, 	 1.767456, 	 -0.066895, 	 699
1685152577.227826, 	 -0.975342, 	 1.767334, 	 -0.065063, 	 699
1685152577.240126, 	 -0.975586, 	 1.766602, 	 -0.065796, 	 699
1685152577.252471, 	 -0.973389, 	 1.768555, 	 -0.066162, 	 701
1685152577.264706, 	 -0.976807, 	 1.764648, 	 -0.066650, 	 700
1685152577.276993, 	 -0.975220, 	 1.768066, 	 -0.065552, 	 701
1685152577.289284, 	 -0.974487, 	 1.768677, 	 -0.063843, 	 700
1685152577.301572, 	 -0.976196, 	 1.765625, 	 -0.065308, 	 701
1685152577.313864, 	 -0.975098, 	 1.768188, 	 -0.066284, 	 701
1685152577.326144, 	 -0.972778, 	 1.766479, 	 -0.066284, 	 700
1685152577.338481, 	 -0.973511, 	 1.768311, 	 -0.066284, 	 701
1685152577.350734, 	 -0.975464, 	 1.763794, 	 -0.067383, 	 700
1685152577.363013, 	 -0.971924, 	 1.769653, 	 -0.066650, 	 700
1685152577.375326, 	 -0.975220, 	 1.768433, 	 -0.066528, 	 699
1685152577.387598, 	 -0.976440, 	 1.767212, 	 -0.065552, 	 701
1685152577.399883, 	 -0.974731, 	 1.765747, 	 -0.067749, 	 700
1685152577.412175, 	 -0.976562, 	 1.767822, 	 -0.067017, 	 700
1685152577.424492, 	 -0.973633, 	 1.768799, 	 -0.066040, 	 700
1685152577.436755, 	 -0.975708, 	 1.763550, 	 -0.066162, 	 700
1685152577.449044, 	 -0.973633, 	 1.771362, 	 -0.064819, 	 700
1685152577.461326, 	 -0.974854, 	 1.768799, 	 -0.064575, 	 700
1685152577.473621, 	 -0.974731, 	 1.766724, 	 -0.064087, 	 701
1685152577.485905, 	 -0.974243, 	 1.769287, 	 -0.067017, 	 699
1685152577.498201, 	 -0.973022, 	 1.767578, 	 -0.067017, 	 699
1685152577.510549, 	 -0.972290, 	 1.768677, 	 -0.068359, 	 701
1685152577.522775, 	 -0.977539, 	 1.764771, 	 -0.066772, 	 700
1685152577.535239, 	 -0.973999, 	 1.770264, 	 -0.065918, 	 700
1685152577.547489, 	 -0.972900, 	 1.770874, 	 -0.067627, 	 700
1685152577.559747, 	 -0.974731, 	 1.765503, 	 -0.068115, 	 699
1685152577.572066, 	 -0.973389, 	 1.767944, 	 -0.065674, 	 700
1685152577.584345, 	 -0.974976, 	 1.766846, 	 -0.064697, 	 700
1685152577.596599, 	 -0.974731, 	 1.768677, 	 -0.066772, 	 700
1685152577.608845, 	 -0.975220, 	 1.763428, 	 -0.065918, 	 700
1685152577.621112, 	 -0.973511, 	 1.770020, 	 -0.063477, 	 700
1685152577.633388, 	 -0.937866, 	 1.857178, 	 -0.062134, 	 700
1685152577.645673, 	 -0.948242, 	 1.903198, 	 -0.064453, 	 700
1685152577.657966, 	 -0.994751, 	 1.815430, 	 -0.065430, 	 700
1685152577.670266, 	 -1.035156, 	 1.766113, 	 -0.067627, 	 700
1685152577.682543, 	 -1.002563, 	 1.780029, 	 -0.060669, 	 699
1685152577.694823, 	 -0.973999, 	 1.848389, 	 -0.062866, 	 699
1685152577.707125, 	 -0.954712, 	 1.812622, 	 -0.065796, 	 700
1685152577.719434, 	 -0.961792, 	 1.729614, 	 -0.074463, 	 700
1685152577.731706, 	 -0.964233, 	 1.772461, 	 -0.077759, 	 698
1685152577.743994, 	 -0.939087, 	 1.730347, 	 -0.075806, 	 699
1685152577.756292, 	 -0.924438, 	 1.834106, 	 -0.075439, 	 697
1685152577.768573, 	 -0.939209, 	 1.833130, 	 -0.068237, 	 697
1685152577.780856, 	 -0.969238, 	 1.781616, 	 -0.064819, 	 694
1685152577.793145, 	 -0.993164, 	 1.776489, 	 -0.060059, 	 693
1685152577.805432, 	 -1.003418, 	 1.800293, 	 -0.057495, 	 694
1685152577.817732, 	 -0.980469, 	 1.861816, 	 -0.062988, 	 695
1685152577.830014, 	 -0.975708, 	 1.788818, 	 -0.061646, 	 696
1685152577.842302, 	 -0.983643, 	 1.830078, 	 -0.069458, 	 695
1685152577.854590, 	 -0.954712, 	 1.814453, 	 -0.069824, 	 696
1685152577.866877, 	 -0.919922, 	 1.739502, 	 -0.066406, 	 693
1685152577.879169, 	 -0.902710, 	 1.834717, 	 -0.069092, 	 692
1685152577.891483, 	 -0.899048, 	 1.753906, 	 -0.073608, 	 691
1685152577.903756, 	 -0.933350, 	 1.747314, 	 -0.071167, 	 694
1685152577.916049, 	 -0.947998, 	 1.778931, 	 -0.065063, 	 690
1685152577.928323, 	 -0.960327, 	 1.775635, 	 -0.064575, 	 694
1685152577.940624, 	 -0.968872, 	 1.813110, 	 -0.061279, 	 692
1685152577.952907, 	 -0.965942, 	 1.793823, 	 -0.061279, 	 693
1685152577.965196, 	 -0.987305, 	 1.783081, 	 -0.062134, 	 692
1685152577.977484, 	 -0.966919, 	 1.767456, 	 -0.064209, 	 689
1685152577.989770, 	 -0.913574, 	 1.795410, 	 -0.065430, 	 690
1685152578.002073, 	 -0.888550, 	 1.837524, 	 -0.070923, 	 690
1685152578.014402, 	 -0.893311, 	 1.781616, 	 -0.070068, 	 692
1685152578.026642, 	 -0.913574, 	 1.753906, 	 -0.070312, 	 691
1685152578.038981, 	 -0.921753, 	 1.776367, 	 -0.069092, 	 690
1685152578.051227, 	 -0.922119, 	 1.773804, 	 -0.061401, 	 688
1685152578.063582, 	 -0.926025, 	 1.798462, 	 -0.060913, 	 689
1685152578.075806, 	 -0.939819, 	 1.809326, 	 -0.060181, 	 690
1685152578.088092, 	 -0.946045, 	 1.806641, 	 -0.063965, 	 689
1685152578.100386, 	 -0.948120, 	 1.794434, 	 -0.062744, 	 688
1685152578.112672, 	 -0.926636, 	 1.789062, 	 -0.067261, 	 689
1685152578.124962, 	 -0.905273, 	 1.817017, 	 -0.067261, 	 688
1685152578.137245, 	 -0.899292, 	 1.782227, 	 -0.068115, 	 690
1685152578.149593, 	 -0.895386, 	 1.768311, 	 -0.069092, 	 687
1685152578.161829, 	 -0.884521, 	 1.775757, 	 -0.067505, 	 688
1685152578.174118, 	 -0.873535, 	 1.799683, 	 -0.064209, 	 690
1685152578.186411, 	 -0.873657, 	 1.841064, 	 -0.067627, 	 686
1685152578.198694, 	 -0.910156, 	 1.823242, 	 -0.066650, 	 686
1685152578.210984, 	 -0.931396, 	 1.807007, 	 -0.063232, 	 685
1685152578.223320, 	 -0.944946, 	 1.783081, 	 -0.059326, 	 686
1685152578.235608, 	 -0.935669, 	 1.826294, 	 -0.059082, 	 687
1685152578.247858, 	 -0.905518, 	 1.836548, 	 -0.060791, 	 685
1685152578.260151, 	 -0.892456, 	 1.823242, 	 -0.068359, 	 685
1685152578.272428, 	 -0.889160, 	 1.786499, 	 -0.067749, 	 685
1685152578.284720, 	 -0.857544, 	 1.781372, 	 -0.072266, 	 684
1685152578.297021, 	 -0.846924, 	 1.811401, 	 -0.073853, 	 684
1685152578.309296, 	 -0.842896, 	 1.810059, 	 -0.072632, 	 682
1685152578.321615, 	 -0.858398, 	 1.800903, 	 -0.069336, 	 684
1685152578.333878, 	 -0.898438, 	 1.792236, 	 -0.061646, 	 682
1685152578.346169, 	 -0.908081, 	 1.790527, 	 -0.058228, 	 682
1685152578.358458, 	 -0.895874, 	 1.840332, 	 -0.060059, 	 683
1685152578.370749, 	 -0.885986, 	 1.857178, 	 -0.063232, 	 681
1685152578.383039, 	 -0.892700, 	 1.858887, 	 -0.063110, 	 681
1685152578.395345, 	 -0.898071, 	 1.822632, 	 -0.064209, 	 682
1685152578.407622, 	 -0.895142, 	 1.794189, 	 -0.063477, 	 679
1685152578.419909, 	 -0.854370, 	 1.815063, 	 -0.065308, 	 680
1685152578.432198, 	 -0.833740, 	 1.817627, 	 -0.067017, 	 679
1685152578.444492, 	 -0.834473, 	 1.816528, 	 -0.072144, 	 680
1685152578.456769, 	 -0.845581, 	 1.803833, 	 -0.068115, 	 679
1685152578.469058, 	 -0.843384, 	 1.822632, 	 -0.068848, 	 678
1685152578.481350, 	 -0.852173, 	 1.821655, 	 -0.065796, 	 679
1685152578.493637, 	 -0.864990, 	 1.836670, 	 -0.062256, 	 679
1685152578.505927, 	 -0.883667, 	 1.823608, 	 -0.058716, 	 683
1685152578.518219, 	 -0.885620, 	 1.827515, 	 -0.056396, 	 679
1685152578.530518, 	 -0.882690, 	 1.809570, 	 -0.058960, 	 678
1685152578.542799, 	 -0.843262, 	 1.845825, 	 -0.062866, 	 677
1685152578.555090, 	 -0.827271, 	 1.841553, 	 -0.067261, 	 678
1685152578.567400, 	 -0.819824, 	 1.849487, 	 -0.068237, 	 679
1685152578.579657, 	 -0.824219, 	 1.823486, 	 -0.072266, 	 677
1685152578.591993, 	 -0.828735, 	 1.827637, 	 -0.068237, 	 675
1685152578.604241, 	 -0.832397, 	 1.825806, 	 -0.063110, 	 675
1685152578.616534, 	 -0.834595, 	 1.826660, 	 -0.064209, 	 674
1685152578.628822, 	 -0.857910, 	 1.821411, 	 -0.064819, 	 675
1685152578.641110, 	 -0.854736, 	 1.848267, 	 -0.061523, 	 675
1685152578.653411, 	 -0.848877, 	 1.837036, 	 -0.061401, 	 673
1685152578.665687, 	 -0.840454, 	 1.859863, 	 -0.062988, 	 673
1685152578.677971, 	 -0.828491, 	 1.841553, 	 -0.067139, 	 673
1685152578.690271, 	 -0.828369, 	 1.815796, 	 -0.066162, 	 673
1685152578.702555, 	 -0.822754, 	 1.824585, 	 -0.065918, 	 672
1685152578.714851, 	 -0.806152, 	 1.825317, 	 -0.063354, 	 671
1685152578.727190, 	 -0.793823, 	 1.840820, 	 -0.066528, 	 672
1685152578.739447, 	 -0.791504, 	 1.845215, 	 -0.066284, 	 674
1685152578.751749, 	 -0.793701, 	 1.870361, 	 -0.065796, 	 672
1685152578.764007, 	 -0.831665, 	 1.846558, 	 -0.058716, 	 673
1685152578.776305, 	 -0.836426, 	 1.859741, 	 -0.059937, 	 672
1685152578.788589, 	 -0.842407, 	 1.845825, 	 -0.057373, 	 671
1685152578.800872, 	 -0.832031, 	 1.853516, 	 -0.060303, 	 669
1685152578.813167, 	 -0.827026, 	 1.841919, 	 -0.061768, 	 671
1685152578.825454, 	 -0.815308, 	 1.845093, 	 -0.064941, 	 670
1685152578.837741, 	 -0.794312, 	 1.840942, 	 -0.067505, 	 669
1685152578.850026, 	 -0.767700, 	 1.854004, 	 -0.069824, 	 668
1685152578.862324, 	 -0.769775, 	 1.840210, 	 -0.071411, 	 671
1685152578.874614, 	 -0.778320, 	 1.830933, 	 -0.069214, 	 668
1685152578.886905, 	 -0.798462, 	 1.818970, 	 -0.064697, 	 669
1685152578.899191, 	 -0.800781, 	 1.849121, 	 -0.057617, 	 670
1685152578.911500, 	 -0.808838, 	 1.843140, 	 -0.059082, 	 666
1685152578.923763, 	 -0.809937, 	 1.864014, 	 -0.058228, 	 669
1685152578.936058, 	 -0.799438, 	 1.871338, 	 -0.059570, 	 667
1685152578.948344, 	 -0.802368, 	 1.885010, 	 -0.060425, 	 665
1685152578.960697, 	 -0.798096, 	 1.867554, 	 -0.060669, 	 668
1685152578.972920, 	 -0.784668, 	 1.852051, 	 -0.058594, 	 666
1685152578.985201, 	 -0.768188, 	 1.853394, 	 -0.066284, 	 667
1685152578.997493, 	 -0.768433, 	 1.836304, 	 -0.065308, 	 664
1685152579.009789, 	 -0.762817, 	 1.843384, 	 -0.064941, 	 666
1685152579.022080, 	 -0.755249, 	 1.857910, 	 -0.065430, 	 665
1685152579.034379, 	 -0.755371, 	 1.872803, 	 -0.065796, 	 664
1685152579.046712, 	 -0.764526, 	 1.859375, 	 -0.066162, 	 665
1685152579.058946, 	 -0.790771, 	 1.859741, 	 -0.062622, 	 663
1685152579.071234, 	 -0.792725, 	 1.844971, 	 -0.059937, 	 664
1685152579.083525, 	 -0.788086, 	 1.869019, 	 -0.057983, 	 664
1685152579.095812, 	 -0.784668, 	 1.853271, 	 -0.057373, 	 665
1685152579.108102, 	 -0.753906, 	 1.871460, 	 -0.061523, 	 665
1685152579.120447, 	 -0.744507, 	 1.880371, 	 -0.065308, 	 661
1685152579.132725, 	 -0.740723, 	 1.871948, 	 -0.066895, 	 662
1685152579.144977, 	 -0.743774, 	 1.848267, 	 -0.069092, 	 663
1685152579.157265, 	 -0.746216, 	 1.874023, 	 -0.064087, 	 662
1685152579.169557, 	 -0.750000, 	 1.865723, 	 -0.063599, 	 661
1685152579.181854, 	 -0.758423, 	 1.861572, 	 -0.059937, 	 665
1685152579.194133, 	 -0.766235, 	 1.857178, 	 -0.062012, 	 663
1685152579.206424, 	 -0.760864, 	 1.878174, 	 -0.059082, 	 662
1685152579.218729, 	 -0.751953, 	 1.880981, 	 -0.059204, 	 662
1685152579.231006, 	 -0.744507, 	 1.875366, 	 -0.061157, 	 660
1685152579.243306, 	 -0.741333, 	 1.878662, 	 -0.063354, 	 663
1685152579.255579, 	 -0.737305, 	 1.852539, 	 -0.065918, 	 660
1685152579.267864, 	 -0.731201, 	 1.866699, 	 -0.063965, 	 660
1685152579.280155, 	 -0.728516, 	 1.846680, 	 -0.063965, 	 662
1685152579.292447, 	 -0.719604, 	 1.879272, 	 -0.063721, 	 660
1685152579.304744, 	 -0.713745, 	 1.874023, 	 -0.066406, 	 660
1685152579.317016, 	 -0.720947, 	 1.900513, 	 -0.062744, 	 662
1685152579.329319, 	 -0.733887, 	 1.890503, 	 -0.060669, 	 660
1685152579.341610, 	 -0.745483, 	 1.896484, 	 -0.058472, 	 658
1685152579.353894, 	 -0.752075, 	 1.876831, 	 -0.059082, 	 658
1685152579.366187, 	 -0.740112, 	 1.889160, 	 -0.058594, 	 659
1685152579.378467, 	 -0.729004, 	 1.879150, 	 -0.060303, 	 658
1685152579.390759, 	 -0.722412, 	 1.881226, 	 -0.062744, 	 659
1685152579.403047, 	 -0.694580, 	 1.871216, 	 -0.066406, 	 658
1685152579.415358, 	 -0.687134, 	 1.894653, 	 -0.069336, 	 659
1685152579.427649, 	 -0.688721, 	 1.861206, 	 -0.069458, 	 657
1685152579.439920, 	 -0.697388, 	 1.860474, 	 -0.067139, 	 658
1685152579.452210, 	 -0.708008, 	 1.861572, 	 -0.060791, 	 658
1685152579.464500, 	 -0.712524, 	 1.878296, 	 -0.057739, 	 657
1685152579.476792, 	 -0.720337, 	 1.884766, 	 -0.055664, 	 655
1685152579.489068, 	 -0.709961, 	 1.907959, 	 -0.057251, 	 658
1685152579.501380, 	 -0.706177, 	 1.925415, 	 -0.060425, 	 648
1685152579.513657, 	 -0.709106, 	 1.900146, 	 -0.060913, 	 655
1685152579.525947, 	 -0.707764, 	 1.908447, 	 -0.059814, 	 656
1685152579.538233, 	 -0.695312, 	 1.884644, 	 -0.059204, 	 656
1685152579.550527, 	 -0.685669, 	 1.890869, 	 -0.061523, 	 654
1685152579.562804, 	 -0.683960, 	 1.870728, 	 -0.064087, 	 654
1685152579.575099, 	 -0.676392, 	 1.876709, 	 -0.065063, 	 653
1685152579.587763, 	 -0.672241, 	 1.886475, 	 -0.065552, 	 654
1685152579.600405, 	 -0.666138, 	 1.896973, 	 -0.064575, 	 653
1685152579.612981, 	 -0.670532, 	 1.878052, 	 -0.061157, 	 652
1685152579.625605, 	 -0.696655, 	 1.907227, 	 -0.056396, 	 651
1685152579.640832, 	 -0.700073, 	 1.873291, 	 -0.059692, 	 652
1685152579.653405, 	 -0.695190, 	 1.905762, 	 -0.056885, 	 651
1685152579.665969, 	 -0.682617, 	 1.891724, 	 -0.060181, 	 651
1685152579.678539, 	 -0.665405, 	 1.917114, 	 -0.060303, 	 650
1685152579.691133, 	 -0.655640, 	 1.909912, 	 -0.064087, 	 650
1685152579.706361, 	 -0.657959, 	 1.905884, 	 -0.064453, 	 649
1685152579.718942, 	 -0.662720, 	 1.882568, 	 -0.064575, 	 650
1685152579.731553, 	 -0.663086, 	 1.917847, 	 -0.058350, 	 650
1685152579.744163, 	 -0.668579, 	 1.886597, 	 -0.059448, 	 650
1685152579.759357, 	 -0.671265, 	 1.906006, 	 -0.058960, 	 649
1685152579.772021, 	 -0.667236, 	 1.899536, 	 -0.057373, 	 649
1685152579.784625, 	 -0.657593, 	 1.917358, 	 -0.059937, 	 647
1685152579.797203, 	 -0.656128, 	 1.907715, 	 -0.065674, 	 648
1685152579.809762, 	 -0.656372, 	 1.895630, 	 -0.062378, 	 647
1685152579.824946, 	 -0.652588, 	 1.896484, 	 -0.060303, 	 647
1685152579.837584, 	 -0.646729, 	 1.897461, 	 -0.060303, 	 648
1685152579.850165, 	 -0.639038, 	 1.896484, 	 -0.065552, 	 646
1685152579.862723, 	 -0.630127, 	 1.926758, 	 -0.062988, 	 646
1685152579.875315, 	 -0.631470, 	 1.911255, 	 -0.061035, 	 646
1685152579.890597, 	 -0.633301, 	 1.932739, 	 -0.060791, 	 645
1685152579.903174, 	 -0.655273, 	 1.906616, 	 -0.058105, 	 647
1685152579.915771, 	 -0.657227, 	 1.926514, 	 -0.056030, 	 646
1685152579.928337, 	 -0.653931, 	 1.908447, 	 -0.054321, 	 646
1685152579.940954, 	 -0.641968, 	 1.915405, 	 -0.059204, 	 645
1685152579.956151, 	 -0.633179, 	 1.900757, 	 -0.061279, 	 645
1685152579.968716, 	 -0.607422, 	 1.912476, 	 -0.063965, 	 644
1685152579.981316, 	 -0.602051, 	 1.906982, 	 -0.066162, 	 644
1685152579.993895, 	 -0.608521, 	 1.912109, 	 -0.065552, 	 644
1685152580.006454, 	 -0.624634, 	 1.887695, 	 -0.059082, 	 643
1685152580.021681, 	 -0.620605, 	 1.911011, 	 -0.057373, 	 643
1685152580.034264, 	 -0.626221, 	 1.922241, 	 -0.056641, 	 643
1685152580.046829, 	 -0.619385, 	 1.937012, 	 -0.056274, 	 644
1685152580.059427, 	 -0.615479, 	 1.935913, 	 -0.057007, 	 642
1685152580.071996, 	 -0.617432, 	 1.937744, 	 -0.057617, 	 642
1685152580.087231, 	 -0.620117, 	 1.915161, 	 -0.060669, 	 642
1685152580.099833, 	 -0.613159, 	 1.927368, 	 -0.060547, 	 642
1685152580.112399, 	 -0.600464, 	 1.900146, 	 -0.061035, 	 641
1685152580.124979, 	 -0.596802, 	 1.924194, 	 -0.058350, 	 640
1685152580.137565, 	 -0.600098, 	 1.894531, 	 -0.062012, 	 639
1685152580.152768, 	 -0.582764, 	 1.919678, 	 -0.062134, 	 641
1685152580.165351, 	 -0.580566, 	 1.916870, 	 -0.061768, 	 640
1685152580.177982, 	 -0.594971, 	 1.923340, 	 -0.059448, 	 639
1685152580.190545, 	 -0.603027, 	 1.910522, 	 -0.058838, 	 639
1685152580.203115, 	 -0.611816, 	 1.918091, 	 -0.057251, 	 638
1685152580.218324, 	 -0.605957, 	 1.922119, 	 -0.056396, 	 638
1685152580.230888, 	 -0.588013, 	 1.945190, 	 -0.058472, 	 637
1685152580.243504, 	 -0.576172, 	 1.940430, 	 -0.059814, 	 639
1685152580.256090, 	 -0.574219, 	 1.951416, 	 -0.061279, 	 636
1685152580.268639, 	 -0.577637, 	 1.913452, 	 -0.059692, 	 639
1685152580.283854, 	 -0.573975, 	 1.933105, 	 -0.058716, 	 639
1685152580.296426, 	 -0.576172, 	 1.919312, 	 -0.058472, 	 638
1685152580.309000, 	 -0.579834, 	 1.924561, 	 -0.057129, 	 637
1685152580.321589, 	 -0.581909, 	 1.920898, 	 -0.057739, 	 637
1685152580.334152, 	 -0.569580, 	 1.951660, 	 -0.058594, 	 636
1685152580.349399, 	 -0.560425, 	 1.934570, 	 -0.061157, 	 635
1685152580.362006, 	 -0.566650, 	 1.938965, 	 -0.059082, 	 635
1685152580.374650, 	 -0.572266, 	 1.909180, 	 -0.063110, 	 637
1685152580.388797, 	 -0.571289, 	 1.924805, 	 -0.057373, 	 636
1685152580.402984, 	 -0.554688, 	 1.916260, 	 -0.057861, 	 634
1685152580.415686, 	 -0.552856, 	 1.926636, 	 -0.059937, 	 635
1685152580.428290, 	 -0.544434, 	 1.932007, 	 -0.058960, 	 634
1685152580.443548, 	 -0.544800, 	 1.964600, 	 -0.059326, 	 635
1685152580.456204, 	 -0.558472, 	 1.933960, 	 -0.059204, 	 635
1685152580.468817, 	 -0.563477, 	 1.958374, 	 -0.055786, 	 634
1685152580.481395, 	 -0.563843, 	 1.931396, 	 -0.054932, 	 632
1685152580.496663, 	 -0.557739, 	 1.940430, 	 -0.057739, 	 634
1685152580.509337, 	 -0.555908, 	 1.920044, 	 -0.061035, 	 634
1685152580.521645, 	 -0.555542, 	 1.941040, 	 -0.059082, 	 634
1685152580.533950, 	 -0.514282, 	 1.939087, 	 -0.061157, 	 631
1685152580.546280, 	 -0.516846, 	 1.946289, 	 -0.065430, 	 632
1685152580.558564, 	 -0.521362, 	 1.927490, 	 -0.062500, 	 633
1685152580.570856, 	 -0.536987, 	 1.930298, 	 -0.058350, 	 634
1685152580.583139, 	 -0.541504, 	 1.908813, 	 -0.058105, 	 633
1685152580.595822, 	 -0.538574, 	 1.935425, 	 -0.055786, 	 631
1685152580.608394, 	 -0.521240, 	 1.968628, 	 -0.055664, 	 631
1685152580.621017, 	 -0.523682, 	 1.962646, 	 -0.055420, 	 631
1685152580.636295, 	 -0.527588, 	 1.978638, 	 -0.057129, 	 630
1685152580.648860, 	 -0.533325, 	 1.953857, 	 -0.057617, 	 630
1685152580.661494, 	 -0.522827, 	 1.950806, 	 -0.055664, 	 630
1685152580.674093, 	 -0.516968, 	 1.938843, 	 -0.055298, 	 630
1685152580.689338, 	 -0.515015, 	 1.924561, 	 -0.058350, 	 630
1685152580.701958, 	 -0.509399, 	 1.926636, 	 -0.061401, 	 630
1685152580.714594, 	 -0.492065, 	 1.940918, 	 -0.063477, 	 629
1685152580.727156, 	 -0.489502, 	 1.950562, 	 -0.061890, 	 628
1685152580.739761, 	 -0.497314, 	 1.960327, 	 -0.061890, 	 630
1685152580.754990, 	 -0.518799, 	 1.938721, 	 -0.054932, 	 628
1685152580.767585, 	 -0.515015, 	 1.943359, 	 -0.052734, 	 628
1685152580.780153, 	 -0.506470, 	 1.967163, 	 -0.054810, 	 627
1685152580.792724, 	 -0.492676, 	 1.966187, 	 -0.054810, 	 627
1685152580.805380, 	 -0.489258, 	 1.955933, 	 -0.058472, 	 627
1685152580.820635, 	 -0.487427, 	 1.986450, 	 -0.059692, 	 625
1685152580.833195, 	 -0.488281, 	 1.949463, 	 -0.058594, 	 626
1685152580.845756, 	 -0.488647, 	 1.960327, 	 -0.058105, 	 625
1685152580.858379, 	 -0.489746, 	 1.938477, 	 -0.056152, 	 627
1685152580.873550, 	 -0.491089, 	 1.957397, 	 -0.058105, 	 625
1685152580.886277, 	 -0.481812, 	 1.965210, 	 -0.058350, 	 625
1685152580.898909, 	 -0.469604, 	 1.960083, 	 -0.057495, 	 625
1685152580.911508, 	 -0.467529, 	 1.957031, 	 -0.060913, 	 626
1685152580.924079, 	 -0.484009, 	 1.933838, 	 -0.058105, 	 623
1685152580.939361, 	 -0.488281, 	 1.937988, 	 -0.053711, 	 622
1685152580.951916, 	 -0.480957, 	 1.937866, 	 -0.055420, 	 621
1685152580.964480, 	 -0.466675, 	 1.952881, 	 -0.054810, 	 623
1685152580.977175, 	 -0.456787, 	 1.978516, 	 -0.056396, 	 625
1685152580.992358, 	 -0.455078, 	 1.949463, 	 -0.058472, 	 622
1685152581.005078, 	 -0.459717, 	 1.966431, 	 -0.058838, 	 623
1685152581.017700, 	 -0.468384, 	 1.948853, 	 -0.055908, 	 622
1685152581.030251, 	 -0.467163, 	 1.968872, 	 -0.055908, 	 623
1685152581.042805, 	 -0.467651, 	 1.947266, 	 -0.053101, 	 622
1685152581.057984, 	 -0.466675, 	 1.974609, 	 -0.055176, 	 622
1685152581.070608, 	 -0.460205, 	 1.944214, 	 -0.056274, 	 621
1685152581.083296, 	 -0.441040, 	 1.974487, 	 -0.057373, 	 619
1685152581.095853, 	 -0.430908, 	 1.968384, 	 -0.060425, 	 620
1685152581.108409, 	 -0.433472, 	 1.965332, 	 -0.058472, 	 621
1685152581.123660, 	 -0.440430, 	 1.930542, 	 -0.057007, 	 623
1685152581.136252, 	 -0.448730, 	 1.931641, 	 -0.053467, 	 621
1685152581.148833, 	 -0.450195, 	 1.951172, 	 -0.054688, 	 620
1685152581.161398, 	 -0.441406, 	 1.977539, 	 -0.054199, 	 621
1685152581.173954, 	 -0.427979, 	 1.982422, 	 -0.056152, 	 618
1685152581.189433, 	 -0.437744, 	 1.998779, 	 -0.054443, 	 618
1685152581.202051, 	 -0.449829, 	 1.977051, 	 -0.055054, 	 618
1685152581.214603, 	 -0.440430, 	 1.972168, 	 -0.052368, 	 619
1685152581.227161, 	 -0.435669, 	 1.959473, 	 -0.056519, 	 617
1685152581.242348, 	 -0.425415, 	 1.950439, 	 -0.057617, 	 617
1685152581.255064, 	 -0.425171, 	 1.949829, 	 -0.057617, 	 616
1685152581.267682, 	 -0.412720, 	 1.960815, 	 -0.061035, 	 618
1685152581.280330, 	 -0.397949, 	 1.957642, 	 -0.060669, 	 617
1685152581.295487, 	 -0.402710, 	 1.987061, 	 -0.058105, 	 615
1685152581.308206, 	 -0.427856, 	 1.953979, 	 -0.052856, 	 615
1685152581.320848, 	 -0.430054, 	 1.961060, 	 -0.052368, 	 616
1685152581.333409, 	 -0.425537, 	 1.955566, 	 -0.052246, 	 614
1685152581.345961, 	 -0.410645, 	 1.993652, 	 -0.053589, 	 614
1685152581.361147, 	 -0.405762, 	 1.971313, 	 -0.054688, 	 614
1685152581.373782, 	 -0.402466, 	 1.982422, 	 -0.055176, 	 615
1685152581.386393, 	 -0.403564, 	 1.963623, 	 -0.056641, 	 613
1685152581.398947, 	 -0.406006, 	 1.981323, 	 -0.056152, 	 614
1685152581.411545, 	 -0.397827, 	 1.956055, 	 -0.053223, 	 611
1685152581.426795, 	 -0.394287, 	 1.976562, 	 -0.055908, 	 614
1685152581.439459, 	 -0.400635, 	 1.946167, 	 -0.058228, 	 613
1685152581.452015, 	 -0.385254, 	 1.968628, 	 -0.056885, 	 613
1685152581.464654, 	 -0.372314, 	 1.973389, 	 -0.057129, 	 611
1685152581.479803, 	 -0.376465, 	 1.988647, 	 -0.053711, 	 614
1685152581.492558, 	 -0.396729, 	 1.950684, 	 -0.054932, 	 611
1685152581.505196, 	 -0.399414, 	 1.962036, 	 -0.052612, 	 612
1685152581.517758, 	 -0.390137, 	 1.951172, 	 -0.053711, 	 610
1685152581.530310, 	 -0.373047, 	 1.999146, 	 -0.055542, 	 611
1685152581.545485, 	 -0.364502, 	 1.984619, 	 -0.056396, 	 611
1685152581.558099, 	 -0.368530, 	 2.001709, 	 -0.053955, 	 609
1685152581.570728, 	 -0.378784, 	 1.958984, 	 -0.055664, 	 610
1685152581.583314, 	 -0.381470, 	 1.983643, 	 -0.054321, 	 607
1685152581.595869, 	 -0.373901, 	 1.963135, 	 -0.052979, 	 610
1685152581.611171, 	 -0.372925, 	 1.991821, 	 -0.053223, 	 610
1685152581.623755, 	 -0.371826, 	 1.959106, 	 -0.056030, 	 611
1685152581.636335, 	 -0.359253, 	 1.986206, 	 -0.057251, 	 608
1685152581.648900, 	 -0.350708, 	 1.971313, 	 -0.056152, 	 609
1685152581.661526, 	 -0.347900, 	 1.981201, 	 -0.056030, 	 609
1685152581.676789, 	 -0.354004, 	 1.959351, 	 -0.055786, 	 607
1685152581.689343, 	 -0.356934, 	 1.971069, 	 -0.052368, 	 608
1685152581.701906, 	 -0.358765, 	 1.959106, 	 -0.052979, 	 608
1685152581.714455, 	 -0.351562, 	 1.978027, 	 -0.053223, 	 607
1685152581.727073, 	 -0.340088, 	 1.980103, 	 -0.053833, 	 606
1685152581.742328, 	 -0.344116, 	 2.018799, 	 -0.055542, 	 607
1685152581.754877, 	 -0.353516, 	 1.988037, 	 -0.053833, 	 604
1685152581.767471, 	 -0.351318, 	 1.995972, 	 -0.054565, 	 607
1685152581.780075, 	 -0.349976, 	 1.982910, 	 -0.054321, 	 608
1685152581.795244, 	 -0.344482, 	 1.971680, 	 -0.052979, 	 606
1685152581.807986, 	 -0.339844, 	 1.951050, 	 -0.053345, 	 603
1685152581.820615, 	 -0.324463, 	 1.981689, 	 -0.055664, 	 606
1685152581.833200, 	 -0.308838, 	 1.964111, 	 -0.058105, 	 605
1685152581.845758, 	 -0.310059, 	 1.998413, 	 -0.060059, 	 606
1685152581.861019, 	 -0.325928, 	 1.972412, 	 -0.055176, 	 605
1685152581.873602, 	 -0.334106, 	 1.965088, 	 -0.051514, 	 604
1685152581.886205, 	 -0.332397, 	 1.983032, 	 -0.051147, 	 603
1685152581.898763, 	 -0.329590, 	 1.980347, 	 -0.053223, 	 603
1685152581.911360, 	 -0.317749, 	 2.002197, 	 -0.053833, 	 605
1685152581.926567, 	 -0.321167, 	 2.002686, 	 -0.051758, 	 604
1685152581.939156, 	 -0.323242, 	 1.973389, 	 -0.054321, 	 602
1685152581.951777, 	 -0.317627, 	 1.990601, 	 -0.055908, 	 602
1685152581.964336, 	 -0.309814, 	 2.001831, 	 -0.052734, 	 601
1685152581.976955, 	 -0.308960, 	 1.975586, 	 -0.054565, 	 602
1685152581.992207, 	 -0.307739, 	 1.980469, 	 -0.052612, 	 602
1685152582.004763, 	 -0.289429, 	 1.994019, 	 -0.056030, 	 601
1685152582.017337, 	 -0.285767, 	 1.992432, 	 -0.055176, 	 603
1685152582.029966, 	 -0.287720, 	 1.974121, 	 -0.056396, 	 601
1685152582.045132, 	 -0.295776, 	 1.968872, 	 -0.051880, 	 599
1685152582.057866, 	 -0.309204, 	 1.971680, 	 -0.052124, 	 600
1685152582.070472, 	 -0.310669, 	 1.995361, 	 -0.050537, 	 601
1685152582.083043, 	 -0.288452, 	 2.006104, 	 -0.053467, 	 599
1685152582.095628, 	 -0.274536, 	 2.009888, 	 -0.051636, 	 601
1685152582.111496, 	 -0.274780, 	 2.011353, 	 -0.051636, 	 600
1685152582.124421, 	 -0.288574, 	 2.015503, 	 -0.054199, 	 601
1685152582.139836, 	 -0.294312, 	 1.965576, 	 -0.053589, 	 609
1685152582.152499, 	 -0.279297, 	 1.969849, 	 -0.055420, 	 599
1685152582.165220, 	 -0.282104, 	 1.992310, 	 -0.051758, 	 598
1685152582.180427, 	 -0.279785, 	 1.979858, 	 -0.053589, 	 597
1685152582.192983, 	 -0.268188, 	 1.978394, 	 -0.054077, 	 596
1685152582.205384, 	 -0.260010, 	 1.981079, 	 -0.054810, 	 597
1685152582.217758, 	 -0.261353, 	 1.990112, 	 -0.053711, 	 598
1685152582.230111, 	 -0.267700, 	 1.986694, 	 -0.051147, 	 598
1685152582.242439, 	 -0.275146, 	 1.963379, 	 -0.050903, 	 598
1685152582.254811, 	 -0.267578, 	 1.993042, 	 -0.050781, 	 597
1685152582.267138, 	 -0.257080, 	 1.982910, 	 -0.051392, 	 596
1685152582.279524, 	 -0.245239, 	 2.022705, 	 -0.053345, 	 596
1685152582.292147, 	 -0.254883, 	 1.999390, 	 -0.053711, 	 596
1685152582.307321, 	 -0.261963, 	 2.003784, 	 -0.050049, 	 594
1685152582.320023, 	 -0.260864, 	 1.989624, 	 -0.052002, 	 594
1685152582.332735, 	 -0.256958, 	 2.017090, 	 -0.051758, 	 595
1685152582.345450, 	 -0.256836, 	 1.983276, 	 -0.048950, 	 596
1685152582.360682, 	 -0.256836, 	 1.990479, 	 -0.050415, 	 592
1685152582.373395, 	 -0.240845, 	 1.987915, 	 -0.054077, 	 593
1685152582.386002, 	 -0.227051, 	 1.991699, 	 -0.053833, 	 594
1685152582.398766, 	 -0.223145, 	 1.981323, 	 -0.053345, 	 591
1685152582.414027, 	 -0.235962, 	 1.983276, 	 -0.051880, 	 592
1685152582.426808, 	 -0.246216, 	 1.939697, 	 -0.048096, 	 594
1685152582.439594, 	 -0.237793, 	 2.015259, 	 -0.051514, 	 591
1685152582.454758, 	 -0.237427, 	 1.981934, 	 -0.050537, 	 593
1685152582.467528, 	 -0.221558, 	 2.026367, 	 -0.051025, 	 593
1685152582.480138, 	 -0.227905, 	 2.006714, 	 -0.051270, 	 591
1685152582.492860, 	 -0.237549, 	 2.009521, 	 -0.048462, 	 591
1685152582.508055, 	 -0.231445, 	 1.991821, 	 -0.051514, 	 591
1685152582.520821, 	 -0.221558, 	 2.004883, 	 -0.051147, 	 591
1685152582.533441, 	 -0.219116, 	 1.968750, 	 -0.049194, 	 592
1685152582.546088, 	 -0.215332, 	 1.999268, 	 -0.054077, 	 591
1685152582.561266, 	 -0.213257, 	 1.984619, 	 -0.054077, 	 591
1685152582.574065, 	 -0.188721, 	 2.003784, 	 -0.054810, 	 589
1685152582.586746, 	 -0.197632, 	 1.993896, 	 -0.052368, 	 586
1685152582.599436, 	 -0.209839, 	 1.999512, 	 -0.050293, 	 588
1685152582.614647, 	 -0.217651, 	 1.972534, 	 -0.046997, 	 589
1685152582.627294, 	 -0.212158, 	 2.014160, 	 -0.048462, 	 589
1685152582.639997, 	 -0.202637, 	 2.005005, 	 -0.048950, 	 587
1685152582.652722, 	 -0.192261, 	 2.013550, 	 -0.048340, 	 588
1685152582.668091, 	 -0.194092, 	 1.989990, 	 -0.050049, 	 588
1685152582.680713, 	 -0.202271, 	 2.020020, 	 -0.052490, 	 587
1685152582.693386, 	 -0.194336, 	 2.002686, 	 -0.051514, 	 586
1685152582.705959, 	 -0.193359, 	 2.000366, 	 -0.048828, 	 585
1685152582.721172, 	 -0.191528, 	 1.992065, 	 -0.050293, 	 585
1685152582.733804, 	 -0.186035, 	 2.006958, 	 -0.050537, 	 588
1685152582.746385, 	 -0.170776, 	 1.988770, 	 -0.050293, 	 584
1685152582.758954, 	 -0.161865, 	 1.998657, 	 -0.053223, 	 586
1685152582.771591, 	 -0.173096, 	 1.987793, 	 -0.050415, 	 585
1685152582.786788, 	 -0.185669, 	 1.978516, 	 -0.049072, 	 585
1685152582.799392, 	 -0.185181, 	 1.969482, 	 -0.047974, 	 586
1685152582.811973, 	 -0.176636, 	 2.009644, 	 -0.046997, 	 584
1685152582.824578, 	 -0.168213, 	 2.009521, 	 -0.047607, 	 584
1685152582.837187, 	 -0.157593, 	 2.030640, 	 -0.050659, 	 582
1685152582.852437, 	 -0.163452, 	 2.016968, 	 -0.050903, 	 582
1685152582.865013, 	 -0.170898, 	 2.035645, 	 -0.050293, 	 582
1685152582.877621, 	 -0.165894, 	 1.993774, 	 -0.051025, 	 584
1685152582.890221, 	 -0.162720, 	 2.002441, 	 -0.050293, 	 583
1685152582.905361, 	 -0.166016, 	 2.011719, 	 -0.049194, 	 582
1685152582.918090, 	 -0.158325, 	 1.999756, 	 -0.050293, 	 582
1685152582.930692, 	 -0.149902, 	 1.995850, 	 -0.051025, 	 582
1685152582.943290, 	 -0.126709, 	 2.010742, 	 -0.054688, 	 581
1685152582.955869, 	 -0.135742, 	 2.014160, 	 -0.054688, 	 581
1685152582.971017, 	 -0.147217, 	 1.977295, 	 -0.049927, 	 581
1685152582.983680, 	 -0.149414, 	 1.983643, 	 -0.047241, 	 579
1685152582.996274, 	 -0.149170, 	 1.977539, 	 -0.048096, 	 582
1685152583.008846, 	 -0.136963, 	 2.013550, 	 -0.047241, 	 580
1685152583.021411, 	 -0.127686, 	 2.006470, 	 -0.046997, 	 578
1685152583.036677, 	 -0.131592, 	 2.049194, 	 -0.049927, 	 579
1685152583.049252, 	 -0.143066, 	 2.011353, 	 -0.048706, 	 579
1685152583.061845, 	 -0.138916, 	 2.030151, 	 -0.050781, 	 578
1685152583.074413, 	 -0.138306, 	 1.982300, 	 -0.050293, 	 578
1685152583.086986, 	 -0.136963, 	 2.000854, 	 -0.049927, 	 578
1685152583.102216, 	 -0.128052, 	 1.982788, 	 -0.049805, 	 578
1685152583.114792, 	 -0.099121, 	 2.005615, 	 -0.052002, 	 577
1685152583.127410, 	 -0.101562, 	 1.980347, 	 -0.053101, 	 577
1685152583.140016, 	 -0.104980, 	 2.024902, 	 -0.053589, 	 574
1685152583.152622, 	 -0.123535, 	 1.976929, 	 -0.047974, 	 575
1685152583.167866, 	 -0.123657, 	 1.999878, 	 -0.048340, 	 576
1685152583.180428, 	 -0.124634, 	 1.996582, 	 -0.047363, 	 576
1685152583.192994, 	 -0.109131, 	 2.044189, 	 -0.046631, 	 575
1685152583.205634, 	 -0.103394, 	 2.005859, 	 -0.045654, 	 575
1685152583.220787, 	 -0.105591, 	 2.030518, 	 -0.047729, 	 575
1685152583.233552, 	 -0.111206, 	 2.009766, 	 -0.051514, 	 573
1685152583.246128, 	 -0.111328, 	 2.008545, 	 -0.048584, 	 575
1685152583.258698, 	 -0.099365, 	 1.981934, 	 -0.049316, 	 575
1685152583.271299, 	 -0.104370, 	 2.008057, 	 -0.044922, 	 575
1685152583.286545, 	 -0.099854, 	 1.991211, 	 -0.050293, 	 574
1685152583.299124, 	 -0.074707, 	 2.014160, 	 -0.052979, 	 573
1685152583.311724, 	 -0.064087, 	 2.005615, 	 -0.052002, 	 574
1685152583.324320, 	 -0.085205, 	 2.000854, 	 -0.050293, 	 574
1685152583.336889, 	 -0.100220, 	 1.989136, 	 -0.044312, 	 571
1685152583.352096, 	 -0.102783, 	 1.984985, 	 -0.045044, 	 572
1685152583.364665, 	 -0.081421, 	 2.003906, 	 -0.044067, 	 573
1685152583.377229, 	 -0.074097, 	 2.024536, 	 -0.046997, 	 572
1685152583.389791, 	 -0.067383, 	 2.036133, 	 -0.046875, 	 572
1685152583.402409, 	 -0.075073, 	 2.026123, 	 -0.050537, 	 572
1685152583.417639, 	 -0.078491, 	 2.027100, 	 -0.048584, 	 572
1685152583.430207, 	 -0.071533, 	 2.022583, 	 -0.049927, 	 571
1685152583.442777, 	 -0.072266, 	 1.995361, 	 -0.047974, 	 571
1685152583.455382, 	 -0.071899, 	 2.000854, 	 -0.049438, 	 571
1685152583.467944, 	 -0.066162, 	 2.006470, 	 -0.047974, 	 570
1685152583.483177, 	 -0.050781, 	 1.989136, 	 -0.049805, 	 570
1685152583.495789, 	 -0.037964, 	 2.027344, 	 -0.049438, 	 570
1685152583.508420, 	 -0.054565, 	 1.991699, 	 -0.048340, 	 571
1685152583.520985, 	 -0.062256, 	 2.007935, 	 -0.044189, 	 571
1685152583.533616, 	 -0.062012, 	 1.971558, 	 -0.044434, 	 570
1685152583.548826, 	 -0.054321, 	 2.006226, 	 -0.046387, 	 568
1685152583.561435, 	 -0.046997, 	 2.026001, 	 -0.046143, 	 569
1685152583.573995, 	 -0.035889, 	 2.052368, 	 -0.046875, 	 568
1685152583.586595, 	 -0.047241, 	 2.000000, 	 -0.047241, 	 567
1685152583.601755, 	 -0.045532, 	 2.031006, 	 -0.048096, 	 568
1685152583.614488, 	 -0.044922, 	 2.016235, 	 -0.049316, 	 568
1685152583.627078, 	 -0.042114, 	 2.013428, 	 -0.047485, 	 566
1685152583.639705, 	 -0.044067, 	 1.980591, 	 -0.046509, 	 567
1685152583.652271, 	 -0.036133, 	 2.011108, 	 -0.049927, 	 566
1685152583.667451, 	 -0.019775, 	 2.005249, 	 -0.049316, 	 566
1685152583.680054, 	 -0.006592, 	 2.030151, 	 -0.051636, 	 566
1685152583.692650, 	 -0.023193, 	 1.990723, 	 -0.050049, 	 565
1685152583.705211, 	 -0.028931, 	 1.984619, 	 -0.045044, 	 565
1685152583.717777, 	 -0.032837, 	 1.979980, 	 -0.041382, 	 565
1685152583.732951, 	 -0.026367, 	 2.006958, 	 -0.043457, 	 571
1685152583.745616, 	 -0.004517, 	 2.006348, 	 -0.042358, 	 565
1685152583.758190, 	 -0.011841, 	 2.032104, 	 -0.045898, 	 564
1685152583.770758, 	 -0.019287, 	 2.036865, 	 -0.047974, 	 565
1685152583.783353, 	 -0.022461, 	 2.014648, 	 -0.047119, 	 564
1685152583.798501, 	 -0.015137, 	 2.033203, 	 -0.046265, 	 562
1685152583.811113, 	 -0.010986, 	 1.986328, 	 -0.048706, 	 564
1685152583.823749, 	 -0.012939, 	 1.991089, 	 -0.046387, 	 563
1685152583.839909, 	 -0.006714, 	 1.982056, 	 -0.045898, 	 563
1685152583.852716, 	 0.024170, 	 2.000610, 	 -0.051025, 	 562
1685152583.865331, 	 0.026001, 	 1.991211, 	 -0.051636, 	 562
1685152583.880544, 	 0.022705, 	 2.016846, 	 -0.050171, 	 562
1685152583.893121, 	 -0.004639, 	 1.984253, 	 -0.042358, 	 562
1685152583.905445, 	 0.000000, 	 1.997803, 	 -0.041870, 	 561
1685152583.917740, 	 0.009277, 	 2.008789, 	 -0.043213, 	 561
1685152583.930036, 	 0.014404, 	 2.043945, 	 -0.041870, 	 561
1685152583.942335, 	 0.019409, 	 2.015381, 	 -0.042236, 	 560
1685152583.954600, 	 0.017944, 	 2.036743, 	 -0.044922, 	 561
1685152583.966853, 	 0.008667, 	 2.018311, 	 -0.046387, 	 561
1685152583.979107, 	 0.013916, 	 2.018799, 	 -0.048096, 	 560
1685152583.991409, 	 0.016235, 	 2.002197, 	 -0.045898, 	 560
1685152584.003990, 	 0.020264, 	 1.992920, 	 -0.047119, 	 561
1685152584.016588, 	 0.028931, 	 2.002686, 	 -0.046631, 	 559
1685152584.029157, 	 0.041504, 	 1.977783, 	 -0.048340, 	 559
1685152584.044458, 	 0.052368, 	 2.005371, 	 -0.049927, 	 558
1685152584.057025, 	 0.041626, 	 1.985962, 	 -0.048096, 	 559
1685152584.069597, 	 0.032104, 	 2.003662, 	 -0.042603, 	 559
1685152584.082165, 	 0.029175, 	 1.988281, 	 -0.041992, 	 558
1685152584.094731, 	 0.030029, 	 2.008301, 	 -0.042969, 	 559
1685152584.109948, 	 0.035034, 	 2.006836, 	 -0.040894, 	 558
1685152584.122505, 	 0.054077, 	 2.034302, 	 -0.045044, 	 558
1685152584.135069, 	 0.050293, 	 2.011963, 	 -0.046631, 	 557
1685152584.147672, 	 0.043823, 	 2.017212, 	 -0.043457, 	 556
1685152584.160233, 	 0.043213, 	 2.008423, 	 -0.047607, 	 557
1685152584.175514, 	 0.049194, 	 2.023315, 	 -0.046875, 	 557
1685152584.188078, 	 0.049316, 	 1.977417, 	 -0.044556, 	 556
1685152584.200669, 	 0.052368, 	 2.002930, 	 -0.046509, 	 556
1685152584.213230, 	 0.060547, 	 1.998413, 	 -0.047729, 	 555
1685152584.225793, 	 0.084106, 	 2.028076, 	 -0.049805, 	 555
1685152584.241032, 	 0.079346, 	 1.984741, 	 -0.043579, 	 555
1685152584.253599, 	 0.061523, 	 1.995483, 	 -0.041504, 	 555
1685152584.266176, 	 0.053955, 	 1.975586, 	 -0.041870, 	 554
1685152584.278730, 	 0.056885, 	 1.997803, 	 -0.041016, 	 554
1685152584.291328, 	 0.083374, 	 2.017090, 	 -0.040527, 	 554
1685152584.306577, 	 0.087524, 	 2.015259, 	 -0.042847, 	 554
1685152584.319137, 	 0.070312, 	 1.991943, 	 -0.044678, 	 552
1685152584.331729, 	 0.070557, 	 2.032837, 	 -0.047241, 	 552
1685152584.344320, 	 0.069336, 	 2.003174, 	 -0.045044, 	 552
1685152584.356887, 	 0.078857, 	 2.000244, 	 -0.045044, 	 553
1685152584.372105, 	 0.078491, 	 2.006836, 	 -0.046387, 	 552
1685152584.384671, 	 0.078979, 	 1.974609, 	 -0.044556, 	 552
1685152584.397231, 	 0.107788, 	 1.985229, 	 -0.047485, 	 551
1685152584.409788, 	 0.112915, 	 1.989014, 	 -0.047974, 	 551
1685152584.422350, 	 0.113770, 	 2.012207, 	 -0.048096, 	 551
1685152584.437550, 	 0.095093, 	 1.989380, 	 -0.043335, 	 552
1685152584.450165, 	 0.090088, 	 1.989380, 	 -0.039429, 	 551
1685152584.462722, 	 0.096924, 	 1.989624, 	 -0.038208, 	 551
1685152584.475313, 	 0.106689, 	 2.045410, 	 -0.041260, 	 551
1685152584.487868, 	 0.109375, 	 1.998291, 	 -0.039795, 	 550
1685152584.502981, 	 0.113647, 	 2.046509, 	 -0.041626, 	 551
1685152584.515750, 	 0.099854, 	 2.016602, 	 -0.044678, 	 549
1685152584.528342, 	 0.101318, 	 2.018799, 	 -0.044067, 	 550
1685152584.540914, 	 0.109375, 	 1.982178, 	 -0.043823, 	 550
1685152584.553475, 	 0.109985, 	 2.007080, 	 -0.044556, 	 550
1685152584.568636, 	 0.109863, 	 1.984253, 	 -0.043335, 	 549
1685152584.581260, 	 0.138672, 	 2.007568, 	 -0.046143, 	 549
1685152584.593817, 	 0.151855, 	 1.997437, 	 -0.046265, 	 548
1685152584.606379, 	 0.135620, 	 2.014893, 	 -0.045410, 	 548
1685152584.618947, 	 0.121094, 	 1.969604, 	 -0.039673, 	 549
1685152584.634181, 	 0.119507, 	 1.983154, 	 -0.041016, 	 547
1685152584.646798, 	 0.125732, 	 2.009766, 	 -0.038086, 	 547
1685152584.659388, 	 0.139038, 	 2.013916, 	 -0.039551, 	 547
1685152584.671975, 	 0.146973, 	 2.027344, 	 -0.040894, 	 546
1685152584.684580, 	 0.133423, 	 2.022705, 	 -0.043945, 	 546
1685152584.699717, 	 0.130981, 	 2.023438, 	 -0.041626, 	 546
1685152584.712348, 	 0.140747, 	 2.025391, 	 -0.044189, 	 545
1685152584.724942, 	 0.146118, 	 2.001343, 	 -0.041748, 	 545
1685152584.737504, 	 0.143433, 	 1.983032, 	 -0.046021, 	 545
1685152584.750067, 	 0.151245, 	 2.000610, 	 -0.045898, 	 545
1685152584.765256, 	 0.163086, 	 1.963867, 	 -0.045654, 	 545
1685152584.777873, 	 0.176636, 	 2.007568, 	 -0.043579, 	 545
1685152584.790475, 	 0.167114, 	 2.001953, 	 -0.043823, 	 544
1685152584.803046, 	 0.156128, 	 1.988525, 	 -0.036987, 	 545
1685152584.815813, 	 0.151001, 	 1.993652, 	 -0.034058, 	 545
1685152584.831021, 	 0.157715, 	 2.024292, 	 -0.038574, 	 544
1685152584.843638, 	 0.167603, 	 1.996826, 	 -0.038574, 	 543
1685152584.856221, 	 0.174927, 	 2.046021, 	 -0.039917, 	 543
1685152584.868820, 	 0.168335, 	 1.999512, 	 -0.042725, 	 542
1685152584.883942, 	 0.165771, 	 2.014526, 	 -0.044189, 	 542
1685152584.896670, 	 0.168823, 	 2.006592, 	 -0.046387, 	 542
1685152584.909267, 	 0.170654, 	 1.986206, 	 -0.045166, 	 542
1685152584.921832, 	 0.170532, 	 1.966553, 	 -0.042725, 	 542
1685152584.934392, 	 0.186890, 	 2.002930, 	 -0.045532, 	 542
1685152584.949595, 	 0.198486, 	 1.980957, 	 -0.041382, 	 542
1685152584.962218, 	 0.202759, 	 1.992554, 	 -0.044800, 	 541
1685152584.974818, 	 0.191162, 	 1.988525, 	 -0.043213, 	 541
1685152584.987425, 	 0.184448, 	 1.970093, 	 -0.041870, 	 541
1685152585.000003, 	 0.184692, 	 1.983032, 	 -0.036987, 	 541
1685152585.015245, 	 0.190430, 	 1.980347, 	 -0.036499, 	 541
1685152585.027860, 	 0.205078, 	 2.008179, 	 -0.036499, 	 540
1685152585.040424, 	 0.204468, 	 2.010376, 	 -0.037354, 	 540
1685152585.052988, 	 0.200928, 	 2.034058, 	 -0.042236, 	 540
1685152585.065583, 	 0.193237, 	 2.012817, 	 -0.043335, 	 539
1685152585.080793, 	 0.203247, 	 2.016113, 	 -0.045898, 	 539
1685152585.093373, 	 0.203979, 	 1.994873, 	 -0.044922, 	 538
1685152585.105942, 	 0.203125, 	 1.997681, 	 -0.044189, 	 538
1685152585.118508, 	 0.214722, 	 1.964600, 	 -0.045166, 	 539
1685152585.131063, 	 0.232666, 	 1.987549, 	 -0.044434, 	 538
1685152585.146229, 	 0.234985, 	 1.962524, 	 -0.043701, 	 535
1685152585.158838, 	 0.230591, 	 1.997925, 	 -0.043823, 	 537
1685152585.171463, 	 0.215576, 	 1.976685, 	 -0.036987, 	 536
1685152585.184025, 	 0.214355, 	 1.968506, 	 -0.035645, 	 536
1685152585.196645, 	 0.216064, 	 2.006348, 	 -0.036377, 	 537
1685152585.211887, 	 0.239624, 	 2.015015, 	 -0.036255, 	 536
1685152585.224454, 	 0.239380, 	 2.021851, 	 -0.036743, 	 536
1685152585.237014, 	 0.228638, 	 2.029297, 	 -0.039551, 	 536
1685152585.249603, 	 0.222290, 	 1.985840, 	 -0.041260, 	 535
1685152585.262169, 	 0.225952, 	 2.002319, 	 -0.043701, 	 535
1685152585.277312, 	 0.231079, 	 1.999390, 	 -0.040894, 	 535
1685152585.289955, 	 0.239380, 	 1.973145, 	 -0.044800, 	 535
1685152585.302536, 	 0.249390, 	 1.999146, 	 -0.043701, 	 535
1685152585.315092, 	 0.267578, 	 1.990601, 	 -0.045654, 	 534
1685152585.327700, 	 0.261597, 	 1.983521, 	 -0.044434, 	 534
1685152585.342860, 	 0.256836, 	 1.973755, 	 -0.041626, 	 533
1685152585.355506, 	 0.249390, 	 1.992920, 	 -0.036255, 	 533
1685152585.368131, 	 0.245850, 	 1.950806, 	 -0.035278, 	 533
1685152585.380688, 	 0.223145, 	 2.003784, 	 -0.033569, 	 533
1685152585.393265, 	 0.263306, 	 1.990112, 	 -0.035889, 	 534
1685152585.408509, 	 0.268921, 	 2.019165, 	 -0.037109, 	 533
1685152585.421082, 	 0.260986, 	 1.990479, 	 -0.040649, 	 533
1685152585.433680, 	 0.256592, 	 2.018188, 	 -0.041504, 	 532
1685152585.446240, 	 0.255981, 	 1.989746, 	 -0.039429, 	 532
1685152585.458801, 	 0.265869, 	 1.993652, 	 -0.043457, 	 532
1685152585.473943, 	 0.265747, 	 1.971558, 	 -0.043823, 	 531
1685152585.486558, 	 0.288452, 	 1.982056, 	 -0.045532, 	 531
1685152585.499154, 	 0.296265, 	 1.971436, 	 -0.042847, 	 531
1685152585.511743, 	 0.295044, 	 1.974243, 	 -0.043457, 	 530
1685152585.524346, 	 0.284058, 	 1.955566, 	 -0.040894, 	 531
1685152585.539651, 	 0.277588, 	 1.965088, 	 -0.036621, 	 528
1685152585.552218, 	 0.275635, 	 1.986694, 	 -0.032715, 	 529
1685152585.564805, 	 0.287842, 	 2.010986, 	 -0.036133, 	 529
1685152585.577765, 	 0.301880, 	 2.002686, 	 -0.032593, 	 529
1685152585.593101, 	 0.300781, 	 1.999878, 	 -0.037109, 	 529
1685152585.605442, 	 0.288452, 	 2.006592, 	 -0.037842, 	 528
1685152585.617705, 	 0.281738, 	 1.989990, 	 -0.040283, 	 528
1685152585.629967, 	 0.292358, 	 1.981445, 	 -0.040894, 	 530
1685152585.642224, 	 0.296387, 	 1.973145, 	 -0.041138, 	 529
1685152585.654513, 	 0.302002, 	 1.988159, 	 -0.042236, 	 527
1685152585.666875, 	 0.310547, 	 1.978149, 	 -0.044434, 	 527
1685152585.679146, 	 0.323364, 	 1.985596, 	 -0.042969, 	 527
1685152585.691576, 	 0.322510, 	 1.968628, 	 -0.043823, 	 528
1685152585.704374, 	 0.322388, 	 1.963745, 	 -0.041748, 	 526
1685152585.717181, 	 0.314819, 	 1.961548, 	 -0.033447, 	 528
1685152585.732480, 	 0.309204, 	 1.962158, 	 -0.032104, 	 526
1685152585.745299, 	 0.314697, 	 1.974487, 	 -0.034302, 	 526
1685152585.757992, 	 0.325562, 	 1.984009, 	 -0.035767, 	 525
1685152585.773226, 	 0.334717, 	 2.025146, 	 -0.036621, 	 526
1685152585.785872, 	 0.325684, 	 2.018799, 	 -0.038208, 	 524
1685152585.798607, 	 0.318115, 	 1.981445, 	 -0.037720, 	 525
1685152585.811374, 	 0.317993, 	 1.978271, 	 -0.039795, 	 524
1685152585.826674, 	 0.324463, 	 1.989868, 	 -0.039917, 	 525
1685152585.839603, 	 0.330444, 	 1.954102, 	 -0.043091, 	 524
1685152585.852244, 	 0.353271, 	 1.966675, 	 -0.044067, 	 524
1685152585.867668, 	 0.354858, 	 1.942139, 	 -0.042969, 	 524
1685152585.880343, 	 0.354126, 	 1.963501, 	 -0.041626, 	 522
1685152585.893024, 	 0.347900, 	 1.941895, 	 -0.038574, 	 523
1685152585.908303, 	 0.346313, 	 1.972656, 	 -0.034912, 	 524
1685152585.921005, 	 0.339600, 	 1.970215, 	 -0.033569, 	 523
1685152585.933741, 	 0.349731, 	 1.986206, 	 -0.031616, 	 521
1685152585.946349, 	 0.358154, 	 1.991699, 	 -0.032471, 	 522
1685152585.961549, 	 0.362793, 	 2.016968, 	 -0.035522, 	 520
1685152585.974192, 	 0.342651, 	 1.992920, 	 -0.037231, 	 520
1685152585.986906, 	 0.345337, 	 1.993408, 	 -0.037842, 	 522
1685152585.999722, 	 0.350952, 	 1.964233, 	 -0.036499, 	 520
1685152586.015094, 	 0.360352, 	 1.980225, 	 -0.042114, 	 520
1685152586.027838, 	 0.368652, 	 1.955444, 	 -0.043335, 	 520
1685152586.040468, 	 0.382690, 	 1.960327, 	 -0.042603, 	 519
1685152586.055667, 	 0.388428, 	 1.948486, 	 -0.045166, 	 520
1685152586.068346, 	 0.386841, 	 1.963379, 	 -0.038696, 	 518
1685152586.081068, 	 0.379150, 	 1.939453, 	 -0.034668, 	 517
1685152586.093798, 	 0.371826, 	 1.959595, 	 -0.033325, 	 519
1685152586.109099, 	 0.368164, 	 1.966919, 	 -0.029785, 	 519
1685152586.121673, 	 0.387329, 	 1.984375, 	 -0.029907, 	 519
1685152586.134348, 	 0.394409, 	 2.005005, 	 -0.030762, 	 518
1685152586.146948, 	 0.381348, 	 2.014282, 	 -0.035034, 	 519
1685152586.162153, 	 0.380615, 	 1.985352, 	 -0.035889, 	 518
1685152586.174819, 	 0.381592, 	 1.979004, 	 -0.038086, 	 516
1685152586.187422, 	 0.386475, 	 1.963501, 	 -0.040894, 	 517
1685152586.199989, 	 0.393677, 	 1.958984, 	 -0.043457, 	 517
1685152586.212587, 	 0.410767, 	 1.946289, 	 -0.044434, 	 516
1685152586.227809, 	 0.416626, 	 1.954712, 	 -0.041626, 	 518
1685152586.240378, 	 0.414917, 	 1.951172, 	 -0.041870, 	 516
1685152586.252945, 	 0.414551, 	 1.923950, 	 -0.038086, 	 515
1685152586.265545, 	 0.413086, 	 1.971069, 	 -0.036011, 	 515
1685152586.278113, 	 0.404663, 	 1.930420, 	 -0.029297, 	 513
1685152586.293360, 	 0.407837, 	 1.985352, 	 -0.026123, 	 513
1685152586.305925, 	 0.418335, 	 1.949341, 	 -0.027344, 	 515
1685152586.318488, 	 0.419556, 	 1.991699, 	 -0.032715, 	 514
1685152586.331046, 	 0.414429, 	 1.972656, 	 -0.032837, 	 514
1685152586.343685, 	 0.410156, 	 1.980957, 	 -0.032959, 	 512
1685152586.358888, 	 0.411255, 	 1.942871, 	 -0.037109, 	 512
1685152586.371500, 	 0.416748, 	 1.973267, 	 -0.037842, 	 514
1685152586.384095, 	 0.425293, 	 1.946533, 	 -0.043701, 	 513
1685152586.396670, 	 0.445435, 	 1.947632, 	 -0.041504, 	 514
1685152586.409237, 	 0.454590, 	 1.948730, 	 -0.042725, 	 513
1685152586.424425, 	 0.452515, 	 1.925659, 	 -0.042236, 	 513
1685152586.437030, 	 0.441162, 	 1.941284, 	 -0.037476, 	 513
1685152586.449592, 	 0.439087, 	 1.930298, 	 -0.035156, 	 512
1685152586.462151, 	 0.435669, 	 1.953003, 	 -0.027710, 	 512
1685152586.474716, 	 0.439331, 	 1.949829, 	 -0.027100, 	 512
1685152586.489870, 	 0.453003, 	 1.980835, 	 -0.028564, 	 510
1685152586.502486, 	 0.447998, 	 1.967285, 	 -0.029297, 	 510
1685152586.515085, 	 0.446045, 	 1.999390, 	 -0.032959, 	 511
1685152586.527682, 	 0.440430, 	 1.953979, 	 -0.036499, 	 509
1685152586.540245, 	 0.444092, 	 1.955933, 	 -0.038696, 	 511
1685152586.555448, 	 0.453369, 	 1.953491, 	 -0.040771, 	 509
1685152586.568048, 	 0.471069, 	 1.959961, 	 -0.042480, 	 509
1685152586.580632, 	 0.478516, 	 1.923950, 	 -0.042969, 	 509
1685152586.593508, 	 0.478516, 	 1.934082, 	 -0.041504, 	 511
1685152586.608804, 	 0.478027, 	 1.923340, 	 -0.040405, 	 508
1685152586.621526, 	 0.477661, 	 1.923706, 	 -0.037109, 	 509
1685152586.634270, 	 0.464966, 	 1.934570, 	 -0.031372, 	 509
1685152586.646942, 	 0.464478, 	 1.935913, 	 -0.027222, 	 509
1685152586.662264, 	 0.472168, 	 1.962158, 	 -0.026611, 	 509
1685152586.674975, 	 0.488892, 	 1.983032, 	 -0.028442, 	 508
1685152586.687681, 	 0.486206, 	 1.975952, 	 -0.028931, 	 509
1685152586.702901, 	 0.478027, 	 1.941162, 	 -0.031250, 	 508
1685152586.715582, 	 0.470459, 	 1.951782, 	 -0.034302, 	 506
1685152586.728149, 	 0.472656, 	 1.937988, 	 -0.035767, 	 507
1685152586.740719, 	 0.490112, 	 1.951904, 	 -0.041626, 	 504
1685152586.753329, 	 0.503662, 	 1.914062, 	 -0.042114, 	 504
1685152586.768539, 	 0.514526, 	 1.941406, 	 -0.042114, 	 506
1685152586.781110, 	 0.512817, 	 1.913818, 	 -0.043091, 	 505
1685152586.793645, 	 0.514160, 	 1.926758, 	 -0.037231, 	 506
1685152586.806231, 	 0.499878, 	 1.914185, 	 -0.032837, 	 507
1685152586.818857, 	 0.495239, 	 1.940552, 	 -0.031738, 	 505
1685152586.834076, 	 0.497925, 	 1.933472, 	 -0.027222, 	 506
1685152586.846648, 	 0.512817, 	 1.954346, 	 -0.023560, 	 506
1685152586.859212, 	 0.515259, 	 1.965332, 	 -0.025024, 	 504
1685152586.871808, 	 0.511963, 	 1.956421, 	 -0.001953, 	 504
1685152586.884375, 	 0.502075, 	 1.937744, 	 -0.032593, 	 503
1685152586.899626, 	 0.501587, 	 1.950806, 	 -0.034668, 	 502
1685152586.912197, 	 0.516968, 	 1.927979, 	 -0.036499, 	 502
1685152586.924756, 	 0.519531, 	 1.928711, 	 -0.040161, 	 502
1685152586.937320, 	 0.530029, 	 1.938843, 	 -0.039062, 	 503
1685152586.949887, 	 0.543701, 	 1.915283, 	 -0.040649, 	 502
1685152586.965048, 	 0.542725, 	 1.915649, 	 -0.039307, 	 502
1685152586.977679, 	 0.543701, 	 1.935059, 	 -0.034790, 	 503
1685152586.990273, 	 0.536499, 	 1.926758, 	 -0.031616, 	 502
1685152587.002909, 	 0.525757, 	 1.901245, 	 -0.029053, 	 501
1685152587.015510, 	 0.529053, 	 1.927856, 	 -0.024902, 	 501
1685152587.030708, 	 0.543091, 	 1.929810, 	 -0.023804, 	 501
1685152587.043310, 	 0.551514, 	 1.977661, 	 -0.027100, 	 502
1685152587.055897, 	 0.540405, 	 1.945679, 	 -0.026367, 	 500
1685152587.068451, 	 0.533936, 	 1.962891, 	 -0.029663, 	 501
1685152587.081013, 	 0.530151, 	 1.937500, 	 -0.030518, 	 500
1685152587.096257, 	 0.541748, 	 1.927124, 	 -0.035034, 	 501
1685152587.108906, 	 0.553589, 	 1.929077, 	 -0.037964, 	 499
1685152587.121470, 	 0.576904, 	 1.924194, 	 -0.041016, 	 499
1685152587.134032, 	 0.574219, 	 1.906128, 	 -0.039795, 	 499
1685152587.146595, 	 0.572388, 	 1.904663, 	 -0.040649, 	 499
1685152587.161792, 	 0.572388, 	 1.908081, 	 -0.035889, 	 499
1685152587.174371, 	 0.567139, 	 1.895630, 	 -0.033081, 	 499
1685152587.186924, 	 0.561401, 	 1.926880, 	 -0.028442, 	 498
1685152587.199544, 	 0.571167, 	 1.929932, 	 -0.021973, 	 498
1685152587.212108, 	 0.575928, 	 1.944336, 	 -0.022217, 	 497
1685152587.227373, 	 0.578125, 	 1.941528, 	 -0.023926, 	 496
1685152587.239930, 	 0.568970, 	 1.953979, 	 -0.024414, 	 498
1685152587.252497, 	 0.567139, 	 1.940308, 	 -0.027954, 	 497
1685152587.265082, 	 0.567749, 	 1.928101, 	 -0.032227, 	 497
1685152587.277597, 	 0.569580, 	 1.908447, 	 -0.034668, 	 496
1685152587.292778, 	 0.582642, 	 1.909058, 	 -0.036377, 	 496
1685152587.305400, 	 0.605591, 	 1.903320, 	 -0.041748, 	 496
1685152587.317985, 	 0.612549, 	 1.902588, 	 -0.041260, 	 495
1685152587.330997, 	 0.607910, 	 1.901001, 	 -0.035767, 	 495
1685152587.346414, 	 0.597900, 	 1.902222, 	 -0.036011, 	 494
1685152587.359135, 	 0.595703, 	 1.880981, 	 -0.030884, 	 494
1685152587.371898, 	 0.592407, 	 1.903320, 	 -0.027100, 	 495
1685152587.387127, 	 0.607300, 	 1.934326, 	 -0.022949, 	 494
1685152587.399865, 	 0.613403, 	 1.953491, 	 -0.021729, 	 492
1685152587.412208, 	 0.608887, 	 1.924072, 	 -0.021240, 	 494
1685152587.424581, 	 0.601074, 	 1.947998, 	 -0.025391, 	 493
1685152587.436920, 	 0.624023, 	 1.923218, 	 -0.027100, 	 492
1685152587.449290, 	 0.599854, 	 1.911865, 	 -0.030762, 	 493
1685152587.461582, 	 0.605469, 	 1.919067, 	 -0.032593, 	 491
1685152587.473983, 	 0.618652, 	 1.898682, 	 -0.037964, 	 493
1685152587.486352, 	 0.640015, 	 1.903564, 	 -0.037720, 	 491
1685152587.501571, 	 0.639771, 	 1.881958, 	 -0.039185, 	 491
1685152587.514364, 	 0.629639, 	 1.897095, 	 -0.036011, 	 489
1685152587.526983, 	 0.634888, 	 1.882568, 	 -0.035645, 	 492
1685152587.539604, 	 0.632202, 	 1.860352, 	 -0.032471, 	 491
1685152587.552223, 	 0.626465, 	 1.885864, 	 -0.022949, 	 490
1685152587.567490, 	 0.630127, 	 1.905029, 	 -0.022339, 	 490
1685152587.580087, 	 0.640869, 	 1.930298, 	 -0.023071, 	 490
1685152587.592685, 	 0.637207, 	 1.927734, 	 -0.021973, 	 490
1685152587.605255, 	 0.633423, 	 1.938477, 	 -0.022339, 	 490
1685152587.620374, 	 0.627197, 	 1.918701, 	 -0.027344, 	 489
1685152587.633139, 	 0.628540, 	 1.921631, 	 -0.028564, 	 489
1685152587.645723, 	 0.632568, 	 1.875000, 	 -0.035156, 	 488
1685152587.658286, 	 0.663818, 	 1.874390, 	 -0.036011, 	 487
1685152587.670849, 	 0.677002, 	 1.888916, 	 -0.040039, 	 486
1685152587.686029, 	 0.673462, 	 1.871704, 	 -0.036621, 	 487
1685152587.698639, 	 0.659302, 	 1.857544, 	 -0.037720, 	 486
1685152587.711234, 	 0.659790, 	 1.869141, 	 -0.032959, 	 487
1685152587.723842, 	 0.655762, 	 1.871094, 	 -0.026123, 	 487
1685152587.736402, 	 0.661255, 	 1.890991, 	 -0.024170, 	 486
1685152587.751579, 	 0.669189, 	 1.903076, 	 -0.021484, 	 486
1685152587.764215, 	 0.676025, 	 1.926392, 	 -0.019775, 	 486
1685152587.776809, 	 0.668823, 	 1.919189, 	 -0.020508, 	 486
1685152587.789380, 	 0.657837, 	 1.921631, 	 -0.024170, 	 486
1685152587.801965, 	 0.659546, 	 1.895264, 	 -0.025635, 	 487
1685152587.817114, 	 0.663696, 	 1.887695, 	 -0.030640, 	 486
1685152587.829743, 	 0.683716, 	 1.875854, 	 -0.032837, 	 485
1685152587.842335, 	 0.695557, 	 1.868896, 	 -0.036621, 	 485
1685152587.854910, 	 0.699585, 	 1.875122, 	 -0.036621, 	 485
1685152587.867521, 	 0.696899, 	 1.847046, 	 -0.037109, 	 486
1685152587.882659, 	 0.699219, 	 1.875977, 	 -0.033813, 	 482
1685152587.895310, 	 0.695557, 	 1.851440, 	 -0.059204, 	 482
1685152587.907890, 	 0.689209, 	 1.876099, 	 -0.025391, 	 482
1685152587.920487, 	 0.691772, 	 1.868896, 	 -0.021851, 	 483
1685152587.933099, 	 0.695068, 	 1.885986, 	 -0.022461, 	 483
1685152587.948452, 	 0.705811, 	 1.907349, 	 -0.021362, 	 482
1685152587.961137, 	 0.700928, 	 1.902344, 	 -0.020386, 	 482
1685152587.973855, 	 0.689819, 	 1.887085, 	 -0.023804, 	 483
1685152587.989057, 	 0.685059, 	 1.880371, 	 -0.021851, 	 481
1685152588.001869, 	 0.699463, 	 1.861938, 	 -0.030884, 	 480
1685152588.014480, 	 0.719360, 	 1.873535, 	 -0.033813, 	 481
1685152588.027143, 	 0.734863, 	 1.874390, 	 -0.033936, 	 482
1685152588.042317, 	 0.733398, 	 1.854004, 	 -0.036743, 	 480
1685152588.055106, 	 0.726074, 	 1.849976, 	 -0.034546, 	 480
1685152588.067832, 	 0.720703, 	 1.844482, 	 -0.032227, 	 478
1685152588.080462, 	 0.721436, 	 1.858887, 	 -0.028076, 	 476
1685152588.095698, 	 0.726318, 	 1.847290, 	 -0.025513, 	 478
1685152588.108379, 	 0.736572, 	 1.879028, 	 -0.020142, 	 479
1685152588.121227, 	 0.739380, 	 1.880127, 	 -0.018433, 	 478
1685152588.133971, 	 0.735107, 	 1.900635, 	 -0.018188, 	 479
1685152588.149330, 	 0.725708, 	 1.882080, 	 -0.022095, 	 477
1685152588.162110, 	 0.721313, 	 1.880859, 	 -0.022583, 	 476
1685152588.174827, 	 0.722168, 	 1.852539, 	 -0.028687, 	 478
1685152588.190096, 	 0.733643, 	 1.879395, 	 -0.032471, 	 477
1685152588.202706, 	 0.765381, 	 1.845215, 	 -0.035034, 	 477
1685152588.215464, 	 0.770630, 	 1.846191, 	 -0.036011, 	 477
1685152588.228166, 	 0.767090, 	 1.862549, 	 -0.036987, 	 477
1685152588.243448, 	 0.758423, 	 1.839966, 	 -0.034668, 	 475
1685152588.256211, 	 0.752686, 	 1.829224, 	 -0.029785, 	 475
1685152588.268998, 	 0.750977, 	 1.829956, 	 -0.021851, 	 476
1685152588.284313, 	 0.758301, 	 1.860962, 	 -0.019775, 	 474
1685152588.296919, 	 0.764404, 	 1.862671, 	 -0.016846, 	 474
1685152588.309583, 	 0.774170, 	 1.887207, 	 -0.019287, 	 475
1685152588.322279, 	 0.767090, 	 1.872437, 	 -0.019287, 	 475
1685152588.337485, 	 0.758911, 	 1.896118, 	 -0.020508, 	 473
1685152588.350173, 	 0.747192, 	 1.863770, 	 -0.023438, 	 473
1685152588.362830, 	 0.750732, 	 1.848633, 	 -0.026123, 	 472
1685152588.375551, 	 0.787231, 	 1.830078, 	 -0.028076, 	 472
1685152588.390742, 	 0.800049, 	 1.848633, 	 -0.030396, 	 472
1685152588.403496, 	 0.793579, 	 1.820312, 	 -0.033203, 	 473
1685152588.416193, 	 0.788086, 	 1.822754, 	 -0.034302, 	 474
1685152588.428842, 	 0.782593, 	 1.827271, 	 -0.029297, 	 472
1685152588.444222, 	 0.788208, 	 1.847656, 	 -0.028809, 	 472
1685152588.456907, 	 0.790649, 	 1.812134, 	 -0.026245, 	 473
1685152588.469625, 	 0.795654, 	 1.870972, 	 -0.019897, 	 470
1685152588.484864, 	 0.805786, 	 1.862427, 	 -0.019531, 	 471
1685152588.497597, 	 0.799805, 	 1.843994, 	 -0.016357, 	 471
1685152588.510315, 	 0.788940, 	 1.851074, 	 -0.017700, 	 470
1685152588.522927, 	 0.780884, 	 1.844238, 	 -0.019043, 	 470
1685152588.538110, 	 0.783813, 	 1.865112, 	 -0.018311, 	 470
1685152588.550781, 	 0.803711, 	 1.834839, 	 -0.027954, 	 469
1685152588.563521, 	 0.817017, 	 1.846069, 	 -0.031250, 	 469
1685152588.576240, 	 0.831177, 	 1.815430, 	 -0.033447, 	 470
1685152588.591566, 	 0.826904, 	 1.830322, 	 -0.035645, 	 468
1685152588.604208, 	 0.816040, 	 1.806152, 	 -0.031372, 	 469
1685152588.616849, 	 0.812622, 	 1.784790, 	 -0.029175, 	 469
1685152588.629542, 	 0.817871, 	 1.831299, 	 -0.025391, 	 469
1685152588.644842, 	 0.821045, 	 1.839600, 	 -0.019897, 	 468
1685152588.657629, 	 0.835083, 	 1.825562, 	 -0.015503, 	 469
1685152588.670357, 	 0.835205, 	 1.852173, 	 -0.017822, 	 468
1685152588.685646, 	 0.832031, 	 1.851685, 	 -0.017090, 	 467
1685152588.698267, 	 0.819458, 	 1.837891, 	 -0.016235, 	 466
1685152588.710932, 	 0.810303, 	 1.831665, 	 -0.020142, 	 467
1685152588.723700, 	 0.821899, 	 1.820679, 	 -0.022949, 	 467
1685152588.738947, 	 0.839722, 	 1.840454, 	 -0.025757, 	 466
1685152588.751714, 	 0.860229, 	 1.810669, 	 -0.029541, 	 466
1685152588.764465, 	 0.858887, 	 1.822998, 	 -0.032104, 	 466
1685152588.777164, 	 0.849731, 	 1.785034, 	 -0.032227, 	 465
1685152588.792465, 	 0.852417, 	 1.795776, 	 -0.031860, 	 464
1685152588.805289, 	 0.851196, 	 1.791992, 	 -0.025146, 	 464
1685152588.817997, 	 0.857056, 	 1.802246, 	 -0.022217, 	 463
1685152588.833264, 	 0.864014, 	 1.812988, 	 -0.019043, 	 464
1685152588.845837, 	 0.868774, 	 1.844849, 	 -0.015991, 	 464
1685152588.858412, 	 0.868164, 	 1.808960, 	 -0.013428, 	 463
1685152588.870983, 	 0.861572, 	 1.836914, 	 -0.015747, 	 462
1685152588.886180, 	 0.849854, 	 1.818481, 	 -0.020630, 	 462
1685152588.898915, 	 0.848511, 	 1.812256, 	 -0.021484, 	 463
1685152588.911734, 	 0.870728, 	 1.800903, 	 -0.020142, 	 462
1685152588.924333, 	 0.885010, 	 1.814209, 	 -0.027100, 	 462
1685152588.939543, 	 0.897339, 	 1.810913, 	 -0.031860, 	 463
1685152588.952186, 	 0.890503, 	 1.774170, 	 -0.032959, 	 461
1685152588.964766, 	 0.884644, 	 1.806030, 	 -0.031860, 	 461
1685152588.977334, 	 0.875122, 	 1.782104, 	 -0.027588, 	 463
1685152588.989897, 	 0.880737, 	 1.789429, 	 -0.024536, 	 462
1685152589.005096, 	 0.886475, 	 1.782349, 	 -0.023926, 	 461
1685152589.017690, 	 0.896362, 	 1.808105, 	 -0.015747, 	 460
1685152589.030293, 	 0.898804, 	 1.792847, 	 -0.014771, 	 460
1685152589.042881, 	 0.893311, 	 1.781616, 	 -0.014648, 	 460
1685152589.055474, 	 0.897217, 	 1.782349, 	 -0.020752, 	 460
1685152589.070627, 	 0.894897, 	 1.798950, 	 -0.016724, 	 459
1685152589.083250, 	 0.906372, 	 1.799194, 	 -0.020264, 	 460
1685152589.097051, 	 0.906006, 	 1.787476, 	 -0.021606, 	 458
1685152589.111951, 	 0.903809, 	 1.812500, 	 -0.023560, 	 459
1685152589.124270, 	 0.904297, 	 1.781372, 	 -0.028320, 	 460
1685152589.136538, 	 0.907227, 	 1.808594, 	 -0.027344, 	 458
1685152589.148855, 	 0.914795, 	 1.780518, 	 -0.024414, 	 458
1685152589.161190, 	 0.917480, 	 1.780640, 	 -0.027710, 	 458
1685152589.173460, 	 0.924683, 	 1.797485, 	 -0.027832, 	 456
1685152589.185727, 	 0.924805, 	 1.736328, 	 -0.024048, 	 455
1685152589.197994, 	 0.929199, 	 1.754517, 	 -0.019043, 	 457
1685152589.210256, 	 0.928101, 	 1.768188, 	 -0.017944, 	 455
1685152589.222843, 	 0.927979, 	 1.773804, 	 -0.017090, 	 456
1685152589.235457, 	 0.932373, 	 1.767334, 	 -0.013794, 	 455
1685152589.248028, 	 0.935181, 	 1.774048, 	 -0.016479, 	 455
1685152589.263315, 	 0.935425, 	 1.788574, 	 -0.016724, 	 455
1685152589.275902, 	 0.938110, 	 1.793213, 	 -0.019287, 	 455
1685152589.288474, 	 0.938232, 	 1.776978, 	 -0.020508, 	 453
1685152589.301080, 	 0.939575, 	 1.791138, 	 -0.021362, 	 453
1685152589.313608, 	 0.942261, 	 1.796021, 	 -0.026978, 	 454
1685152589.328809, 	 0.941406, 	 1.743408, 	 -0.024536, 	 453
1685152589.341407, 	 0.952515, 	 1.750488, 	 -0.023804, 	 452
1685152589.353971, 	 0.955811, 	 1.747437, 	 -0.021729, 	 453
1685152589.366528, 	 0.966064, 	 1.768921, 	 -0.024536, 	 452
1685152589.379087, 	 0.967529, 	 1.765503, 	 -0.020020, 	 452
1685152589.394246, 	 0.965576, 	 1.741089, 	 -0.018311, 	 451
1685152589.406872, 	 0.960449, 	 1.742065, 	 -0.016968, 	 453
1685152589.419496, 	 0.959839, 	 1.731445, 	 -0.013550, 	 450
1685152589.432089, 	 0.965454, 	 1.761108, 	 -0.016113, 	 450
1685152589.444649, 	 0.969360, 	 1.737183, 	 -0.016846, 	 449
1685152589.459904, 	 0.986938, 	 1.765869, 	 -0.020996, 	 448
1685152589.472470, 	 0.982788, 	 1.751587, 	 -0.020508, 	 450
1685152589.485056, 	 0.971436, 	 1.759399, 	 -0.022827, 	 452
1685152589.497609, 	 0.962158, 	 1.758179, 	 -0.024048, 	 449
1685152589.510217, 	 0.962769, 	 1.751099, 	 -0.020630, 	 448
1685152589.526084, 	 0.979370, 	 1.732910, 	 -0.026001, 	 448
1685152589.539327, 	 0.991577, 	 1.747070, 	 -0.026489, 	 448
1685152589.554447, 	 1.000977, 	 1.732300, 	 -0.020630, 	 447
1685152589.567073, 	 1.005615, 	 1.738037, 	 -0.021240, 	 447
1685152589.579746, 	 1.000122, 	 1.733276, 	 -0.018677, 	 446
1685152589.594871, 	 0.997070, 	 1.727051, 	 -0.016357, 	 447
1685152589.607644, 	 0.991455, 	 1.686035, 	 -0.015503, 	 446
1685152589.620347, 	 0.994507, 	 1.690186, 	 -0.010742, 	 447
1685152589.632640, 	 0.999146, 	 1.693115, 	 -0.015015, 	 447
1685152589.644939, 	 1.007080, 	 1.740234, 	 -0.016846, 	 447
1685152589.657193, 	 1.009766, 	 1.694336, 	 -0.018433, 	 445
1685152589.669466, 	 0.998901, 	 1.658569, 	 -0.018799, 	 445
1685152589.681750, 	 1.007812, 	 1.674683, 	 -0.024170, 	 444
1685152589.694036, 	 1.008789, 	 1.643921, 	 -0.021851, 	 445
1685152589.706319, 	 1.024780, 	 1.615112, 	 -0.022949, 	 445
1685152589.718665, 	 1.031128, 	 1.645874, 	 -0.023682, 	 443
1685152589.731336, 	 1.032349, 	 1.604126, 	 -0.021484, 	 445
1685152589.746541, 	 1.037720, 	 1.651855, 	 -0.018433, 	 445
1685152589.759149, 	 1.046997, 	 1.667358, 	 -0.014648, 	 444
1685152589.771775, 	 1.036743, 	 1.738892, 	 -0.007446, 	 445
1685152589.784338, 	 1.006592, 	 1.715942, 	 -0.005005, 	 444
1685152589.796898, 	 0.984253, 	 1.754883, 	 -0.002441, 	 445
1685152589.812114, 	 0.966675, 	 1.752808, 	 -0.002075, 	 444
1685152589.824738, 	 0.984375, 	 1.805054, 	 -0.007690, 	 444
1685152589.837332, 	 1.005371, 	 1.775513, 	 -0.020020, 	 444
1685152589.849892, 	 1.036987, 	 1.786377, 	 -0.023315, 	 444
1685152589.862448, 	 1.032227, 	 1.774048, 	 -0.029907, 	 444
1685152589.877627, 	 1.016479, 	 1.733765, 	 -0.032593, 	 447
1685152589.890237, 	 0.975586, 	 1.708130, 	 -0.039185, 	 446
1685152589.902828, 	 0.987549, 	 1.664185, 	 -0.039062, 	 445
1685152589.915434, 	 1.056519, 	 1.678101, 	 -0.040283, 	 444
1685152589.928029, 	 1.066528, 	 1.740723, 	 -0.034546, 	 443
1685152589.943180, 	 1.049438, 	 1.690674, 	 -0.024536, 	 444
1685152589.955808, 	 0.993042, 	 1.700806, 	 -0.012329, 	 445
1685152589.968402, 	 0.985962, 	 1.727661, 	 -0.008911, 	 445
1685152589.980960, 	 0.987915, 	 1.695801, 	 0.000977, 	 445
1685152589.993556, 	 1.007324, 	 1.770630, 	 0.007812, 	 445
1685152590.008714, 	 1.015381, 	 1.767456, 	 0.006226, 	 444
1685152590.021354, 	 1.021362, 	 1.762695, 	 -0.001953, 	 445
1685152590.033960, 	 1.019897, 	 1.769653, 	 -0.008057, 	 446
1685152590.046534, 	 1.006470, 	 1.697876, 	 -0.006592, 	 445
1685152590.059100, 	 0.994629, 	 1.693481, 	 -0.019653, 	 445
1685152590.074260, 	 1.011597, 	 1.698853, 	 -0.031982, 	 446
1685152590.086869, 	 1.045654, 	 1.699951, 	 -0.039185, 	 446
1685152590.099503, 	 1.043945, 	 1.723267, 	 -0.037109, 	 445
1685152590.112090, 	 1.023926, 	 1.705566, 	 -0.035278, 	 445
1685152590.124656, 	 1.009888, 	 1.721069, 	 -0.030029, 	 445
1685152590.139909, 	 1.000610, 	 1.722046, 	 -0.027100, 	 444
1685152590.152517, 	 1.003052, 	 1.746094, 	 -0.016602, 	 445
1685152590.165077, 	 1.002686, 	 1.762695, 	 -0.013184, 	 444
1685152590.177603, 	 1.006470, 	 1.762573, 	 -0.010620, 	 445
1685152590.190168, 	 1.008423, 	 1.758667, 	 -0.009644, 	 445
1685152590.205349, 	 1.016113, 	 1.748535, 	 -0.009277, 	 446
1685152590.217983, 	 1.006470, 	 1.702148, 	 -0.005493, 	 445
1685152590.230571, 	 1.007935, 	 1.678589, 	 -0.010498, 	 444
1685152590.243160, 	 1.025879, 	 1.727661, 	 -0.014648, 	 445
1685152590.255755, 	 1.036377, 	 1.688354, 	 -0.016479, 	 445
1685152590.270993, 	 1.033325, 	 1.697754, 	 -0.018188, 	 445
1685152590.283611, 	 1.020386, 	 1.722168, 	 -0.018555, 	 443
1685152590.296174, 	 1.011108, 	 1.713013, 	 -0.017456, 	 444
1685152590.308732, 	 1.002930, 	 1.731689, 	 -0.019531, 	 444
1685152590.321322, 	 1.002930, 	 1.748413, 	 -0.019653, 	 445
1685152590.336539, 	 1.001831, 	 1.750610, 	 -0.019531, 	 445
1685152590.349123, 	 1.005371, 	 1.748291, 	 -0.023682, 	 445
1685152590.361709, 	 1.008057, 	 1.761963, 	 -0.024658, 	 445
1685152590.374330, 	 1.007568, 	 1.715820, 	 -0.024902, 	 446
1685152590.386888, 	 1.010010, 	 1.749512, 	 -0.027832, 	 445
1685152590.402084, 	 1.007446, 	 1.698730, 	 -0.025635, 	 444
1685152590.414654, 	 1.028931, 	 1.705444, 	 -0.028564, 	 445
1685152590.427211, 	 1.033203, 	 1.715698, 	 -0.023560, 	 445
1685152590.439800, 	 1.028076, 	 1.707153, 	 -0.016235, 	 445
1685152590.452384, 	 1.011597, 	 1.717773, 	 -0.011475, 	 444
1685152590.467624, 	 1.010376, 	 1.726807, 	 -0.007080, 	 444
1685152590.480206, 	 1.008545, 	 1.743042, 	 -0.006226, 	 447
1685152590.492773, 	 1.008667, 	 1.750854, 	 -0.004639, 	 445
1685152590.505353, 	 1.006714, 	 1.753174, 	 -0.004639, 	 444
1685152590.517907, 	 1.005859, 	 1.739990, 	 -0.010498, 	 446
1685152590.533402, 	 1.008911, 	 1.735474, 	 -0.015259, 	 445
1685152590.545995, 	 1.014893, 	 1.720825, 	 -0.021362, 	 445
1685152590.558579, 	 1.023682, 	 1.722412, 	 -0.023193, 	 445
1685152590.571137, 	 1.024170, 	 1.717163, 	 -0.026978, 	 445
1685152590.586311, 	 1.026855, 	 1.715210, 	 -0.032227, 	 445
1685152590.598916, 	 1.015503, 	 1.716675, 	 -0.032227, 	 446
1685152590.611553, 	 1.011108, 	 1.725464, 	 -0.032104, 	 444
1685152590.624117, 	 1.005493, 	 1.738037, 	 -0.025024, 	 445
1685152590.636675, 	 1.006226, 	 1.745483, 	 -0.021729, 	 444
1685152590.651853, 	 1.004028, 	 1.747681, 	 -0.018555, 	 445
1685152590.664541, 	 1.007690, 	 1.744141, 	 -0.015503, 	 445
1685152590.677105, 	 1.007446, 	 1.742310, 	 -0.013794, 	 445
1685152590.689630, 	 1.012207, 	 1.731201, 	 -0.010620, 	 445
1685152590.702187, 	 1.016602, 	 1.724121, 	 -0.010864, 	 445
1685152590.717401, 	 1.023315, 	 1.719238, 	 -0.010986, 	 445
1685152590.730000, 	 1.026489, 	 1.713135, 	 -0.011353, 	 445
1685152590.742604, 	 1.026489, 	 1.717529, 	 -0.014160, 	 445
1685152590.755166, 	 1.020752, 	 1.716187, 	 -0.015503, 	 446
1685152590.767789, 	 1.013306, 	 1.725098, 	 -0.018677, 	 445
1685152590.783049, 	 1.009155, 	 1.732910, 	 -0.018921, 	 446
1685152590.795664, 	 1.004150, 	 1.742432, 	 -0.021118, 	 444
1685152590.808253, 	 1.004028, 	 1.749023, 	 -0.022827, 	 446
1685152590.820843, 	 1.006592, 	 1.747314, 	 -0.022705, 	 445
1685152590.837189, 	 1.010620, 	 1.739014, 	 -0.026978, 	 443
1685152590.849947, 	 1.011719, 	 1.733398, 	 -0.026733, 	 445
1685152590.865216, 	 1.016602, 	 1.721313, 	 -0.027344, 	 445
1685152590.877502, 	 1.021851, 	 1.719116, 	 -0.027466, 	 443
1685152590.889768, 	 1.021362, 	 1.720825, 	 -0.021118, 	 446
1685152590.902044, 	 1.022461, 	 1.720825, 	 -0.016968, 	 444
1685152590.914308, 	 1.017822, 	 1.724121, 	 -0.017456, 	 444
1685152590.926562, 	 1.013794, 	 1.728149, 	 -0.014160, 	 446
1685152590.938871, 	 1.007080, 	 1.736450, 	 -0.009888, 	 442
1685152590.951169, 	 1.004272, 	 1.740479, 	 -0.007446, 	 446
1685152590.963545, 	 1.009766, 	 1.740601, 	 -0.009521, 	 446
1685152590.975873, 	 1.012085, 	 1.738892, 	 -0.010620, 	 445
1685152590.988447, 	 1.013672, 	 1.736572, 	 -0.014893, 	 445
1685152591.001024, 	 1.015381, 	 1.730835, 	 -0.017090, 	 444
1685152591.013598, 	 1.015137, 	 1.726440, 	 -0.022217, 	 445
1685152591.028849, 	 1.019287, 	 1.718750, 	 -0.024048, 	 445
1685152591.041431, 	 1.019531, 	 1.717896, 	 -0.025635, 	 444
1685152591.053996, 	 1.017334, 	 1.723267, 	 -0.023682, 	 446
1685152591.066554, 	 1.015747, 	 1.728271, 	 -0.025024, 	 445
1685152591.079145, 	 1.012329, 	 1.732422, 	 -0.025024, 	 445
1685152591.094389, 	 1.004883, 	 1.738281, 	 -0.024048, 	 444
1685152591.106952, 	 1.004883, 	 1.741211, 	 -0.022827, 	 445
1685152591.119560, 	 1.008057, 	 1.740601, 	 -0.018799, 	 444
1685152591.132140, 	 1.011353, 	 1.736572, 	 -0.018066, 	 445
1685152591.144707, 	 1.011597, 	 1.735962, 	 -0.016602, 	 445
1685152591.159932, 	 1.013916, 	 1.725586, 	 -0.014282, 	 445
1685152591.172498, 	 1.020142, 	 1.723755, 	 -0.016479, 	 444
1685152591.185087, 	 1.020752, 	 1.719116, 	 -0.014038, 	 445
1685152591.197608, 	 1.018433, 	 1.718628, 	 -0.013550, 	 446
1685152591.210169, 	 1.019043, 	 1.722168, 	 -0.012939, 	 445
1685152591.225362, 	 1.016968, 	 1.727051, 	 -0.015259, 	 444
1685152591.237976, 	 1.012085, 	 1.733032, 	 -0.013916, 	 445
1685152591.250534, 	 1.008301, 	 1.737305, 	 -0.015259, 	 444
1685152591.263095, 	 1.008423, 	 1.740723, 	 -0.018677, 	 445
1685152591.275713, 	 1.009155, 	 1.739990, 	 -0.021362, 	 445
1685152591.290903, 	 1.009033, 	 1.735596, 	 -0.020996, 	 445
1685152591.303559, 	 1.013428, 	 1.729248, 	 -0.026978, 	 445
1685152591.316124, 	 1.014404, 	 1.729492, 	 -0.027344, 	 445
1685152591.328690, 	 1.016968, 	 1.725464, 	 -0.027222, 	 445
1685152591.341259, 	 1.019653, 	 1.722656, 	 -0.025024, 	 445
1685152591.356448, 	 1.017944, 	 1.722778, 	 -0.022583, 	 445
1685152591.369072, 	 1.015259, 	 1.729980, 	 -0.020508, 	 444
1685152591.381599, 	 1.014038, 	 1.730225, 	 -0.019531, 	 445
1685152591.394193, 	 1.011353, 	 1.733032, 	 -0.013306, 	 445
1685152591.406784, 	 1.009399, 	 1.737427, 	 -0.011841, 	 446
1685152591.422007, 	 1.007690, 	 1.737549, 	 -0.010498, 	 446
1685152591.434644, 	 1.010620, 	 1.735718, 	 -0.010254, 	 444
1685152591.447211, 	 1.013550, 	 1.730713, 	 -0.012573, 	 445
1685152591.459806, 	 1.013428, 	 1.728394, 	 -0.011353, 	 445
1685152591.472367, 	 1.016968, 	 1.726318, 	 -0.018433, 	 445
1685152591.487542, 	 1.018677, 	 1.722900, 	 -0.019897, 	 445
1685152591.500135, 	 1.017334, 	 1.723755, 	 -0.022095, 	 445
1685152591.512699, 	 1.013916, 	 1.727783, 	 -0.024170, 	 445
1685152591.525270, 	 1.012573, 	 1.731812, 	 -0.024292, 	 445
1685152591.537838, 	 1.012207, 	 1.731323, 	 -0.024292, 	 445
1685152591.552965, 	 1.008057, 	 1.736084, 	 -0.023193, 	 445
1685152591.565700, 	 1.007568, 	 1.736328, 	 -0.024414, 	 446
1685152591.578269, 	 1.009155, 	 1.738281, 	 -0.019287, 	 446
1685152591.590829, 	 1.011963, 	 1.736694, 	 -0.020630, 	 445
1685152591.603450, 	 1.013550, 	 1.730103, 	 -0.017456, 	 445
1685152591.618613, 	 1.015869, 	 1.729736, 	 -0.015869, 	 445
1685152591.631242, 	 1.018799, 	 1.722290, 	 -0.015137, 	 445
1685152591.643834, 	 1.019775, 	 1.721802, 	 -0.013794, 	 445
1685152591.656391, 	 1.018311, 	 1.725952, 	 -0.014404, 	 444
1685152591.668956, 	 1.017578, 	 1.728027, 	 -0.014648, 	 445
1685152591.684166, 	 1.015747, 	 1.731567, 	 -0.013794, 	 445
1685152591.696790, 	 1.010132, 	 1.734985, 	 -0.015503, 	 446
1685152591.709384, 	 1.011719, 	 1.733643, 	 -0.016235, 	 444
1685152591.721945, 	 1.009521, 	 1.735718, 	 -0.021973, 	 444
1685152591.734519, 	 1.010132, 	 1.732788, 	 -0.021484, 	 445
1685152591.749713, 	 1.010742, 	 1.730957, 	 -0.021729, 	 445
1685152591.762326, 	 1.014282, 	 1.729248, 	 -0.024048, 	 445
1685152591.774889, 	 1.014038, 	 1.728882, 	 -0.023193, 	 444
1685152591.787548, 	 1.015503, 	 1.729248, 	 -0.022705, 	 444
1685152591.800115, 	 1.016357, 	 1.728027, 	 -0.021973, 	 445
1685152591.815394, 	 1.016968, 	 1.729492, 	 -0.020020, 	 445
1685152591.827953, 	 1.013916, 	 1.730591, 	 -0.017822, 	 444
1685152591.840555, 	 1.013672, 	 1.729492, 	 -0.019897, 	 444
1685152591.853127, 	 1.012817, 	 1.734375, 	 -0.017822, 	 444
1685152591.865711, 	 1.008301, 	 1.733765, 	 -0.017090, 	 446
1685152591.880911, 	 1.010132, 	 1.733276, 	 -0.016113, 	 445
1685152591.893561, 	 1.013428, 	 1.731567, 	 -0.015015, 	 447
1685152591.906117, 	 1.013672, 	 1.728271, 	 -0.014404, 	 445
1685152591.918707, 	 1.015991, 	 1.727051, 	 -0.016602, 	 445
1685152591.931302, 	 1.018921, 	 1.725830, 	 -0.015625, 	 444
1685152591.946605, 	 1.016968, 	 1.724976, 	 -0.014038, 	 446
1685152591.959171, 	 1.016846, 	 1.726685, 	 -0.017212, 	 445
1685152591.971763, 	 1.013794, 	 1.729858, 	 -0.018677, 	 445
1685152591.984522, 	 1.011353, 	 1.731689, 	 -0.019531, 	 445
1685152591.999751, 	 1.012207, 	 1.734131, 	 -0.019287, 	 445
1685152592.012320, 	 1.010742, 	 1.735229, 	 -0.021729, 	 445
1685152592.024911, 	 1.008789, 	 1.737305, 	 -0.023560, 	 445
1685152592.037980, 	 1.010864, 	 1.733765, 	 -0.023560, 	 444
1685152592.053186, 	 1.013794, 	 1.731567, 	 -0.023682, 	 444
1685152592.065781, 	 1.013794, 	 1.730103, 	 -0.021362, 	 444
1685152592.078350, 	 1.019043, 	 1.727295, 	 -0.020874, 	 445
1685152592.090917, 	 1.017456, 	 1.724365, 	 -0.018677, 	 445
1685152592.106098, 	 1.016846, 	 1.724731, 	 -0.018311, 	 445
1685152592.118736, 	 1.017944, 	 1.728882, 	 -0.014771, 	 445
1685152592.131361, 	 1.014893, 	 1.732300, 	 -0.014038, 	 446
1685152592.143924, 	 1.012573, 	 1.733398, 	 -0.010620, 	 444
1685152592.156481, 	 1.010376, 	 1.734009, 	 -0.010376, 	 445
1685152592.171647, 	 1.012573, 	 1.733521, 	 -0.013428, 	 444
1685152592.184266, 	 1.012695, 	 1.732056, 	 -0.015625, 	 444
1685152592.196828, 	 1.011353, 	 1.733032, 	 -0.018066, 	 445
1685152592.209391, 	 1.014160, 	 1.727661, 	 -0.020630, 	 444
1685152592.222074, 	 1.015137, 	 1.728394, 	 -0.022095, 	 444
1685152592.237294, 	 1.016602, 	 1.728638, 	 -0.024170, 	 445
1685152592.249867, 	 1.016357, 	 1.726196, 	 -0.025757, 	 445
1685152592.262881, 	 1.014038, 	 1.728516, 	 -0.024658, 	 445
1685152592.278273, 	 1.013428, 	 1.732056, 	 -0.024780, 	 445
1685152592.290916, 	 1.012573, 	 1.734741, 	 -0.020386, 	 445
1685152592.303522, 	 1.010498, 	 1.734497, 	 -0.019653, 	 445
1685152592.316092, 	 1.011475, 	 1.734497, 	 -0.015137, 	 445
1685152592.331373, 	 1.011719, 	 1.733276, 	 -0.011963, 	 445
1685152592.344028, 	 1.013428, 	 1.729492, 	 -0.014282, 	 445
1685152592.356600, 	 1.015747, 	 1.729126, 	 -0.014771, 	 445
1685152592.369181, 	 1.015869, 	 1.726685, 	 -0.015503, 	 445
1685152592.381738, 	 1.017456, 	 1.726685, 	 -0.016602, 	 445
1685152592.396943, 	 1.017822, 	 1.727051, 	 -0.018921, 	 445
1685152592.409569, 	 1.017700, 	 1.726196, 	 -0.019653, 	 444
1685152592.422131, 	 1.014771, 	 1.730103, 	 -0.020996, 	 445
1685152592.434683, 	 1.012329, 	 1.729858, 	 -0.021240, 	 445
1685152592.447303, 	 1.010986, 	 1.732178, 	 -0.021484, 	 445
1685152592.462493, 	 1.010498, 	 1.734375, 	 -0.021729, 	 445
1685152592.475107, 	 1.010864, 	 1.736938, 	 -0.020508, 	 444
1685152592.487698, 	 1.012939, 	 1.730103, 	 -0.020996, 	 444
1685152592.500268, 	 1.014160, 	 1.731445, 	 -0.020874, 	 444
1685152592.512828, 	 1.014038, 	 1.727173, 	 -0.019287, 	 445
1685152592.528037, 	 1.016479, 	 1.728638, 	 -0.019165, 	 445
1685152592.540658, 	 1.015869, 	 1.727783, 	 -0.019531, 	 446
1685152592.553246, 	 1.016724, 	 1.726440, 	 -0.017944, 	 445
1685152592.565801, 	 1.014648, 	 1.729492, 	 -0.018066, 	 445